"","policyBeliefs","effectiveness","experience","risk","near_03f","dsBehaviors","city","cityRate"
"1",1.06837825349009,0.267958352249503,-1.61511089614946,-1.4591986304498,-0.199501097598989,3,"Alpine",1.17204777395623
"2",-0.758959929422354,-0.0726895882601103,-0.142725417842744,-0.24578567823816,-0.436743686322342,3,"Alpine",1.17204777395623
"3",-0.758959929422354,-1.43528135029856,-1.61511089614946,-1.05472764637926,-0.272560126894553,1,"Alpine",1.17204777395623
"4",-1.67262902087858,1.63055011428796,1.32966006046397,0.158685305832389,-0.359938427948635,4,"Alpine",1.17204777395623
"5",0.459265525852611,0.608606292759116,1.32966006046397,0.158685305832389,-0.0356316292654566,1,"Alpine",1.17204777395623
"6",0.763821889671353,1.63055011428796,1.32966006046397,-1.4591986304498,-0.437312535094859,4,"Alpine",1.17204777395623
"7",-0.454403565603613,0.949254233268729,-0.142725417842744,-0.650256662308708,-0.424480202168674,4,"Alpine",1.17204777395623
"8",0.459265525852611,0.267958352249503,-0.142725417842744,-1.4591986304498,-0.370500955260962,1,"Alpine",1.17204777395623
"9",-0.454403565603613,-0.753985469279336,-0.142725417842744,-1.05472764637926,-0.0924717020109064,2,"Alpine",1.17204777395623
"10",-0.486719161864877,0.0869441606366593,0.189031997075078,0.106919961029935,-0.391580247982997,4,"Alpine",1.17204777395623
"11",-0.454403565603613,-0.0726895882601103,1.32966006046397,0.967627273973485,-0.114555637644463,2,"Alpine",1.17204777395623
"12",-1.0635162932411,-0.0726895882601103,-0.142725417842744,1.77656924211458,0.203515096998289,1,"Alpine",1.17204777395623
"13",0.15470916203387,-0.413337528769723,-0.142725417842744,0.316006135059687,0.206671953756829,4,"Alpine",1.17204777395623
"14",0.459265525852611,0.267958352249503,-1.61511089614946,-0.24578567823816,-0.31668837608718,4,"Alpine",1.17204777395623
"15",1.67749098112758,-2.4572251718274,-0.142725417842744,-0.286513903911627,-0.307121265885976,4,"Alpine",1.17204777395623
"16",0.763821889671353,0.267958352249503,-0.142725417842744,-1.05472764637926,-0.362467263692851,3,"Alpine",1.17204777395623
"17",1.98204734494632,-0.413337528769723,-0.142725417842744,-0.650256662308708,-0.356593499758742,0,"Alpine",1.17204777395623
"18",-1.0635162932411,1.63055011428796,-0.142725417842744,0.364242102323892,-0.0544535845522519,4,"Alpine",1.17204777395623
"19",-1.36807265705984,0.608606292759116,-0.142725417842744,1.37209825804403,-0.0220383170001296,1,"Alpine",1.17204777395623
"20",-0.758959929422354,0.267958352249503,-0.142725417842744,0.158685305832389,-0.437555283516519,3,"El Cajon",-0.0825637157859509
"21",1.06837825349009,-0.0726895882601103,1.32966006046397,0.563156289902937,-0.409688162205945,2,"El Cajon",-0.0825637157859509
"22",0.15470916203387,-0.0726895882601103,-0.142725417842744,-0.24578567823816,-0.416792300266133,2,"El Cajon",-0.0825637157859509
"23",-0.149847201784871,1.63055011428796,-0.142725417842744,-1.05472764637926,-0.437158040723743,1,"El Cajon",-0.0825637157859509
"24",-0.149847201784871,1.63055011428796,-0.142725417842744,0.563156289902937,-0.432755443402372,4,"El Cajon",-0.0825637157859509
"25",-1.65360521147199,0.608606292759116,-0.142725417842744,1.77656924211458,-0.378383884787144,4,"El Cajon",-0.0825637157859509
"26",0.0102552630064614,1.63055011428796,-0.142725417842744,-0.24578567823816,-0.378383884787144,1,"El Cajon",-0.0825637157859509
"27",-1.36807265705984,-0.0726895882601103,-0.142725417842744,-0.650256662308708,-0.378383884787144,2,"El Cajon",-0.0825637157859509
"28",-0.454403565603613,-0.413337528769723,-1.61511089614946,-1.86366961452035,-0.289326997969638,2,"El Cajon",-0.0825637157859509
"29",-0.454403565603613,0.608606292759116,-1.61511089614946,-2.67261158266145,-0.248858583397892,4,"El Cajon",-0.0825637157859509
"30",-0.454403565603613,-0.413337528769723,-0.142725417842744,1.37209825804403,-0.424766136012741,1,"Alpine",1.17204777395623
"31",0.15470916203387,1.63055011428796,1.32966006046397,0.967627273973485,-0.423489424871559,3,"Alpine",1.17204777395623
"32",-0.454403565603613,-1.77592929080818,-0.142725417842744,-1.4591986304498,-0.282020952818836,0,"Alpine",1.17204777395623
"33",0.459265525852611,1.63055011428796,1.32966006046397,-1.86366961452035,-0.379534532243486,3,"Alpine",1.17204777395623
"34",0.763821889671353,-1.43528135029856,-0.142725417842744,0.158685305832389,-0.394219020776538,3,"Alpine",1.17204777395623
"35",-0.758959929422354,1.63055011428796,1.32966006046397,1.37209825804403,-0.212522753450955,4,"Alpine",1.17204777395623
"36",1.06837825349009,0.267958352249503,1.32966006046397,0.967627273973485,-0.371888991933851,1,"Alpine",1.17204777395623
"37",0.459265525852611,0.267958352249503,-0.142725417842744,0.563156289902937,0.064139553920869,1,"Alpine",1.17204777395623
"38",-1.0635162932411,-0.0726895882601103,1.32966006046397,0.563156289902937,0.295564601985237,0,"Alpine",1.17204777395623
"39",0.763821889671353,0.267958352249503,-0.142725417842744,0.158685305832389,-0.359744491720403,4,"Alpine",1.17204777395623
"40",-1.0635162932411,1.63055011428796,1.32966006046397,-0.24578567823816,-0.212488615779572,4,"Alpine",1.17204777395623
"41",-0.454403565603613,-0.0726895882601103,-1.61511089614946,-1.86366961452035,-0.0544535845522519,4,"Alpine",1.17204777395623
"42",-0.454403565603613,0.267958352249503,1.32966006046397,-0.650256662308708,-0.437555283516519,4,"El Cajon",-0.0825637157859509
"43",-0.79494218430485,-1.43528135029856,-1.61511089614946,-1.24743002704791,-0.436927005149941,4,"El Cajon",-0.0825637157859509
"44",1.37293461730884,-0.753985469279336,-0.142725417842744,-0.24578567823816,-0.394846084546344,2,"El Cajon",-0.0825637157859509
"45",0.763821889671353,-0.413337528769723,1.32966006046397,-0.24578567823816,-0.437555283516519,0,"El Cajon",-0.0825637157859509
"46",1.60531456667544,0.267958352249503,1.32966006046397,-0.24578567823816,-0.437555283516519,4,"Alpine",1.17204777395623
"47",0.15470916203387,0.608606292759116,1.32966006046397,0.967627273973485,-0.395900636264097,4,"Alpine",1.17204777395623
"48",-0.758959929422354,0.608606292759116,-0.142725417842744,-0.650256662308708,-0.378605857004317,0,"Alpine",1.17204777395623
"49",-0.454403565603613,0.608606292759116,-0.142725417842744,-1.4591986304498,-0.401134171259135,4,"Alpine",1.17204777395623
"50",-0.454403565603613,1.63055011428796,-0.142725417842744,0.967627273973485,-0.398518055335786,4,"Alpine",1.17204777395623
"51",-1.0635162932411,0.949254233268729,1.32966006046397,-1.05472764637926,-0.431081364128408,4,"Alpine",1.17204777395623
"52",0.15470916203387,0.267958352249503,-0.142725417842744,1.77656924211458,-0.35428982441631,2,"Alpine",1.17204777395623
"53",0.15470916203387,0.267958352249503,1.32966006046397,-0.650256662308708,-0.437555283516519,1,"Alpine",1.17204777395623
"54",0.763821889671353,0.949254233268729,-0.142725417842744,-1.4591986304498,-0.389214310695065,1,"Alpine",1.17204777395623
"55",-0.149847201784871,-0.0726895882601103,-1.61511089614946,-2.2681405985909,-0.33686541351457,1,"Alpine",1.17204777395623
"56",-1.36807265705984,-0.413337528769723,-0.142725417842744,-1.4591986304498,-0.437555283516519,4,"Alpine",1.17204777395623
"57",-0.758959929422354,-0.0726895882601103,-0.142725417842744,0.563156289902937,-0.135984869449042,3,"Alpine",1.17204777395623
"58",0.15470916203387,-2.4572251718274,-0.142725417842744,-1.05472764637926,-0.242205363796671,0,"Alpine",1.17204777395623
"59",-0.454403565603613,-0.413337528769723,-0.142725417842744,-1.05472764637926,-0.190256899165299,3,"Alpine",1.17204777395623
"60",-1.67262902087858,1.63055011428796,1.32966006046397,1.77656924211458,-0.197647122235912,4,"Alpine",1.17204777395623
"61",-0.758959929422354,1.28990217377834,-0.142725417842744,1.37209825804403,-0.387019596088755,3,"Alpine",1.17204777395623
"62",-0.149847201784871,0.949254233268729,-0.142725417842744,-0.24578567823816,-0.189530876657592,1,"Alpine",1.17204777395623
"63",-1.67262902087858,0.267958352249503,-1.61511089614946,0.158685305832389,-0.139335669031596,2,"Alpine",1.17204777395623
"64",-0.454403565603613,-0.0726895882601103,-0.142725417842744,0.158685305832389,0.182371542038583,2,"Alpine",1.17204777395623
"65",-1.36807265705984,0.267958352249503,-0.142725417842744,-1.05472764637926,0.291124846057014,3,"Alpine",1.17204777395623
"66",1.37293461730884,-1.77592929080818,-0.142725417842744,-0.0837394977428811,0.280292946191907,4,"Alpine",1.17204777395623
"67",1.98204734494632,-0.413337528769723,-0.142725417842744,-1.05472764637926,0.159574147886461,1,"Alpine",1.17204777395623
"68",-0.758959929422354,-0.0726895882601103,-0.142725417842744,0.967627273973485,0.283890317213825,3,"Alpine",1.17204777395623
"69",0.15470916203387,-0.0726895882601103,-0.142725417842744,0.967627273973485,-0.276061146840949,3,"Alpine",1.17204777395623
"70",-0.454403565603613,-0.753985469279336,1.32966006046397,1.37209825804403,-0.362449630274687,2,"Alpine",1.17204777395623
"71",-0.454403565603613,1.63055011428796,-1.61511089614946,-1.4591986304498,-0.0544535845522519,4,"Alpine",1.17204777395623
"72",-1.36807265705984,0.267958352249503,-1.61511089614946,-1.4591986304498,-0.0544535845522519,1,"Alpine",1.17204777395623
"73",2.28660370876506,0.267958352249503,-1.61511089614946,-1.86366961452035,-0.416399669602784,4,"El Cajon",-0.0825637157859509
"74",0.763821889671353,0.267958352249503,1.32966006046397,1.37209825804403,-0.432325790735969,4,"El Cajon",-0.0825637157859509
"75",-0.454403565603613,-0.753985469279336,1.32966006046397,-0.650256662308708,-0.437555283516519,2,"El Cajon",-0.0825637157859509
"76",0.400738666430431,1.63055011428796,-1.61511089614946,-0.24578567823816,-0.308681465765799,4,"El Cajon",-0.0825637157859509
"77",-1.0635162932411,0.608606292759116,1.32966006046397,-1.05472764637926,-0.416339143474071,4,"El Cajon",-0.0825637157859509
"78",-0.454403565603613,-0.0726895882601103,-0.142725417842744,-0.650256662308708,-0.409276940218107,1,"El Cajon",-0.0825637157859509
"79",-0.149847201784871,0.949254233268729,1.32966006046397,-1.4591986304498,-0.437555283516519,4,"El Cajon",-0.0825637157859509
"80",-0.454403565603613,-0.753985469279336,-1.61511089614946,-1.4591986304498,-0.378383884787144,2,"El Cajon",-0.0825637157859509
"81",-0.454403565603613,-0.0726895882601103,1.32966006046397,-0.24578567823816,-0.437555283516519,4,"Alpine",1.17204777395623
"82",-0.454403565603613,1.63055011428796,1.32966006046397,0.563156289902937,-0.428710687859977,3,"Alpine",1.17204777395623
"83",-1.07209079891361,1.09983102868177,-0.142725417842744,0.241420349433426,-0.407921898227082,4,"Alpine",1.17204777395623
"84",-1.67262902087858,0.608606292759116,-0.142725417842744,-1.4591986304498,-0.433566290714879,2,"Alpine",1.17204777395623
"85",-0.454403565603613,0.608606292759116,-0.142725417842744,0.563156289902937,-0.406484895988419,4,"Alpine",1.17204777395623
"86",-1.36807265705984,1.63055011428796,-0.142725417842744,-1.4591986304498,-0.331196618080587,4,"Alpine",1.17204777395623
"87",-1.36807265705984,-0.0726895882601103,1.32966006046397,-0.24578567823816,-0.437555283516519,4,"Alpine",1.17204777395623
"88",0.459265525852611,-0.413337528769723,1.32966006046397,0.563156289902937,-0.235854717431448,1,"Alpine",1.17204777395623
"89",-1.36807265705984,0.267958352249503,-0.142725417842744,0.967627273973485,-0.179045750593465,1,"Alpine",1.17204777395623
"90",0.763821889671353,-1.09463340978895,-0.142725417842744,-0.24578567823816,-0.384079246785997,1,"Alpine",1.17204777395623
"91",-1.67262902087858,0.949254233268729,1.32966006046397,0.158685305832389,-0.437555283516519,3,"Alpine",1.17204777395623
"92",0.763821889671353,-0.0726895882601103,-0.142725417842744,-1.05472764637926,-0.429895806082146,2,"Alpine",1.17204777395623
"93",0.763821889671353,-0.413337528769723,-0.142725417842744,-0.650256662308708,0.00233505681411726,0,"Alpine",1.17204777395623
"94",-0.454403565603613,1.28990217377834,-0.142725417842744,1.37209825804403,-0.29523514590052,3,"Alpine",1.17204777395623
"95",-1.67262902087858,0.608606292759116,1.32966006046397,1.37209825804403,-0.437555283516519,2,"Alpine",1.17204777395623
"96",-0.758959929422354,1.63055011428796,-0.142725417842744,-1.86366961452035,-0.156298307878825,4,"Alpine",1.17204777395623
"97",-1.0635162932411,-0.0726895882601103,-0.142725417842744,0.158685305832389,-0.375800794792646,3,"Alpine",1.17204777395623
"98",1.67749098112758,-0.753985469279336,-1.61511089614946,-0.24578567823816,-0.0417317259729548,3,"Alpine",1.17204777395623
"99",0.15470916203387,-0.753985469279336,-0.142725417842744,0.563156289902937,0.308536640050579,3,"Alpine",1.17204777395623
"100",-0.149847201784871,0.0561954862022489,-0.142725417842744,-0.24578567823816,-0.0699394006593369,2,"Alpine",1.17204777395623
"101",-1.0635162932411,0.608606292759116,-0.142725417842744,0.158685305832389,0.131635615378076,1,"Alpine",1.17204777395623
"102",0.763821889671353,-1.09463340978895,-0.142725417842744,-0.650256662308708,-0.110767705017092,1,"Alpine",1.17204777395623
"103",-0.149847201784871,1.63055011428796,-0.142725417842744,0.967627273973485,-0.327063779335345,2,"El Cajon",-0.0825637157859509
"104",1.06837825349009,-0.413337528769723,-0.142725417842744,-2.2681405985909,-0.430820862292381,4,"El Cajon",-0.0825637157859509
"105",0.15470916203387,-0.413337528769723,-1.61511089614946,-2.2681405985909,-0.266531003415213,1,"El Cajon",-0.0825637157859509
"106",-1.67262902087858,1.63055011428796,-0.142725417842744,0.158685305832389,-0.395501953005086,4,"Alpine",1.17204777395623
"107",-1.67262902087858,1.63055011428796,0.667508468659719,1.77656924211458,-0.171381672429022,4,"Alpine",1.17204777395623
"108",1.06837825349009,0.267958352249503,-1.61511089614946,-2.2681405985909,-0.0147062006045217,2,"Alpine",1.17204777395623
"109",-0.454403565603613,1.63055011428796,-0.142725417842744,-0.24578567823816,-0.268919012140527,4,"Alpine",1.17204777395623
"110",1.67749098112758,-3.47916899335624,-0.142725417842744,0.158685305832389,-0.362559735908207,1,"Alpine",1.17204777395623
"111",-1.0635162932411,-0.413337528769723,-0.142725417842744,0.563156289902937,-0.125793967463743,1,"Alpine",1.17204777395623
"112",0.459265525852611,-0.753985469279336,-0.142725417842744,0.0574142296375843,-0.15122240770043,4,"Alpine",1.17204777395623
"113",-0.758959929422354,-0.413337528769723,-1.61511089614946,-1.05472764637926,-0.155617141800114,2,"Alpine",1.17204777395623
"114",-1.0635162932411,-0.753985469279336,-0.142725417842744,0.205852397995946,-0.174887590252557,4,"Alpine",1.17204777395623
"115",-0.149847201784871,0.267958352249503,-0.142725417842744,0.967627273973485,0.195364576200413,1,"Alpine",1.17204777395623
"116",0.15470916203387,0.949254233268729,1.32966006046397,-0.507178082687337,0.190337347575919,4,"Alpine",1.17204777395623
"117",-0.758959929422354,0.267958352249503,-0.142725417842744,-0.24578567823816,0.0554556935653849,4,"Alpine",1.17204777395623
"118",0.763821889671353,0.267958352249503,-0.142725417842744,0.967627273973485,0.225466385142991,1,"Alpine",1.17204777395623
"119",-0.454403565603613,-0.0726895882601103,-1.61511089614946,-0.24578567823816,-0.338432361026073,2,"Alpine",1.17204777395623
"120",0.15470916203387,0.267958352249503,-0.142725417842744,-1.4591986304498,-0.16576435208961,1,"Alpine",1.17204777395623
"121",0.459265525852611,0.267958352249503,-1.61511089614946,-1.05472764637926,-0.164426554778619,4,"Alpine",1.17204777395623
"122",-0.454403565603613,0.267958352249503,-0.142725417842744,0.158685305832389,-0.257200773732573,4,"El Cajon",-0.0825637157859509
"123",-0.454403565603613,-0.413337528769723,-0.142725417842744,-1.05472764637926,-0.429162488426103,3,"El Cajon",-0.0825637157859509
"124",1.06837825349009,-3.47916899335624,-0.142725417842744,-0.24578567823816,-0.362627682032177,1,"El Cajon",-0.0825637157859509
"125",-1.0635162932411,-1.43528135029856,1.32966006046397,-1.05472764637926,-0.437555283516519,1,"El Cajon",-0.0825637157859509
"126",-1.67262902087858,0.267958352249503,-1.61511089614946,1.77656924211458,-0.437555283516519,0,"El Cajon",-0.0825637157859509
"127",-0.454403565603613,0.267958352249503,1.32966006046397,0.967627273973485,-0.437555283516519,0,"El Cajon",-0.0825637157859509
"128",-1.0635162932411,-0.413337528769723,-0.142725417842744,-2.2681405985909,-0.378383884787144,4,"El Cajon",-0.0825637157859509
"129",-1.67262902087858,0.608606292759116,1.32966006046397,-0.205277646964825,-0.427895784274918,4,"Alpine",1.17204777395623
"130",1.06837825349009,-0.413337528769723,-0.142725417842744,0.563156289902937,-0.353723547922097,1,"Alpine",1.17204777395623
"131",-0.149847201784871,1.63055011428796,-1.61511089614946,-0.24578567823816,-0.310880681317273,3,"Alpine",1.17204777395623
"132",1.37293461730884,0.267958352249503,-0.142725417842744,0.158685305832389,-0.380281911192261,3,"Alpine",1.17204777395623
"133",-0.149847201784871,-1.09463340978895,-0.142725417842744,0.158685305832389,-0.150907123664132,1,"Alpine",1.17204777395623
"134",1.06837825349009,-1.09463340978895,-0.142725417842744,0.158685305832389,-0.077357085469073,0,"Alpine",1.17204777395623
"135",-0.149847201784871,-0.413337528769723,-1.61511089614946,-0.380981241156708,-0.0413647476523745,4,"Alpine",1.17204777395623
"136",1.06837825349009,-0.0726895882601103,1.32966006046397,0.158685305832389,-0.0456446970248167,2,"Alpine",1.17204777395623
"137",-1.0635162932411,-0.413337528769723,1.32966006046397,-0.650256662308708,0.0131030668997029,3,"Alpine",1.17204777395623
"138",-1.67262902087858,-0.0726895882601103,1.32966006046397,-0.24578567823816,-0.387075905387917,1,"Alpine",1.17204777395623
"139",-0.454403565603613,0.608606292759116,1.32966006046397,0.967627273973485,-0.341443320021218,4,"Alpine",1.17204777395623
"140",-0.149847201784871,-0.413337528769723,1.32966006046397,1.77656924211458,0.232654430817506,4,"Alpine",1.17204777395623
"141",-0.149847201784871,0.267958352249503,1.32966006046397,0.563156289902937,-0.316081878181086,3,"Alpine",1.17204777395623
"142",-1.67262902087858,1.63055011428796,-1.61511089614946,0.563156289902937,-0.164767310982394,2,"Alpine",1.17204777395623
"143",-0.604647372126347,0.678400676790434,-0.184139730144847,0.299978906939691,-0.085374768456822,4,"Alpine",1.17204777395623
"144",0.763821889671353,0.267958352249503,-0.142725417842744,-1.86366961452035,-0.0417357891946482,1,"Alpine",1.17204777395623
"145",0.763821889671353,1.63055011428796,-1.61511089614946,1.77656924211458,-0.0544535845522519,4,"Alpine",1.17204777395623
"146",-0.454403565603613,0.267958352249503,-1.61511089614946,-0.24578567823816,-0.0544535845522519,3,"Alpine",1.17204777395623
"147",-0.454403565603613,-1.09463340978895,-0.142725417842744,-1.86366961452035,-0.437555283516519,1,"El Cajon",-0.0825637157859509
"148",-0.454403565603613,0.267958352249503,1.32966006046397,-1.05472764637926,-0.437555283516519,0,"El Cajon",-0.0825637157859509
"149",0.459265525852611,-0.0726895882601103,-0.142725417842744,0.967627273973485,-0.417772817575397,1,"Alpine",1.17204777395623
"150",0.15470916203387,-0.413337528769723,1.32966006046397,1.37209825804403,-0.355170293010363,3,"Alpine",1.17204777395623
"151",-0.454403565603613,0.267958352249503,-0.142725417842744,0.563156289902937,-0.384996565992818,4,"Alpine",1.17204777395623
"152",-0.149847201784871,-0.413337528769723,1.32966006046397,-0.432134139294578,-0.430880259124036,4,"Alpine",1.17204777395623
"153",-0.149847201784871,-0.413337528769723,-0.142725417842744,-0.222003023493783,-0.30188817766548,3,"Alpine",1.17204777395623
"154",0.763821889671353,0.608606292759116,-1.61511089614946,0.158685305832389,-0.193654579817126,1,"Alpine",1.17204777395623
"155",0.15470916203387,0.267958352249503,-0.142725417842744,0.158685305832389,-0.282122132281868,1,"Alpine",1.17204777395623
"156",-0.454403565603613,-1.09463340978895,-0.142725417842744,-1.4591986304498,-0.437555283516519,1,"Alpine",1.17204777395623
"157",0.763821889671353,-1.43528135029856,1.32966006046397,1.37209825804403,-0.357446408285027,2,"Alpine",1.17204777395623
"158",-0.149847201784871,-0.753985469279336,-0.142725417842744,-0.24578567823816,-0.130053445144871,1,"Alpine",1.17204777395623
"159",-1.36807265705984,0.267958352249503,-0.142725417842744,0.563156289902937,-0.168023514049448,4,"Alpine",1.17204777395623
"160",-0.758959929422354,-1.09463340978895,1.32966006046397,-0.650256662308708,-0.422989946473149,4,"Alpine",1.17204777395623
"161",-0.454403565603613,-0.0726895882601103,-1.61511089614946,-0.24578567823816,-0.308267235691276,1,"Alpine",1.17204777395623
"162",-1.0635162932411,0.267958352249503,-0.142725417842744,1.37209825804403,-0.156498345062511,3,"Alpine",1.17204777395623
"163",-0.758959929422354,0.608606292759116,-0.142725417842744,0.563156289902937,0.0885202952889639,3,"Alpine",1.17204777395623
"164",-0.454403565603613,1.63055011428796,1.32966006046397,0.563156289902937,0.162649752370174,4,"Alpine",1.17204777395623
"165",-1.0635162932411,0.949254233268729,-1.61511089614946,-0.650256662308708,-0.198892377961397,4,"Alpine",1.17204777395623
"166",0.459265525852611,0.267958352249503,-0.142725417842744,-0.24578567823816,-0.0544535845522519,1,"Alpine",1.17204777395623
"167",1.77153596795108,-0.413337528769723,-0.142725417842744,-0.650256662308708,-0.429815734390334,2,"El Cajon",-0.0825637157859509
"168",1.67749098112758,-0.413337528769723,1.32966006046397,0.158685305832389,-0.437555283516519,0,"El Cajon",-0.0825637157859509
"169",0.459265525852611,0.949254233268729,-0.142725417842744,-2.67261158266145,-0.378383884787144,4,"El Cajon",-0.0825637157859509
"170",-0.149847201784871,-0.309076619844588,-1.61511089614946,-1.4591986304498,-0.43328774255914,1,"El Cajon",-0.0825637157859509
"171",3.20027280022128,0.949254233268729,1.32966006046397,0.967627273973485,-0.437555283516519,3,"Alpine",1.17204777395623
"172",-0.454403565603613,0.267958352249503,-0.142725417842744,-0.468186949035757,-0.384985465448386,4,"Alpine",1.17204777395623
"173",-0.149847201784871,-1.09463340978895,-0.142725417842744,0.158685305832389,-0.303452604704542,2,"Alpine",1.17204777395623
"174",2.5911600725838,-2.4572251718274,1.32966006046397,0.967627273973485,-0.432351327692807,2,"Alpine",1.17204777395623
"175",-1.67262902087858,1.63055011428796,1.32966006046397,1.37209825804403,-0.385207883546674,4,"Alpine",1.17204777395623
"176",-0.454403565603613,-0.0726895882601103,-1.61511089614946,-0.650256662308708,-0.201705105681428,0,"Alpine",1.17204777395623
"177",-0.454403565603613,0.267958352249503,-0.142725417842744,0.563156289902937,-0.232444317875473,4,"Alpine",1.17204777395623
"178",-0.454403565603613,-0.413337528769723,1.32966006046397,-0.650256662308708,-0.408624054151029,4,"Alpine",1.17204777395623
"179",-0.758959929422354,0.267958352249503,-0.142725417842744,0.158685305832389,-0.402944023632283,4,"Alpine",1.17204777395623
"180",0.763821889671353,0.267958352249503,-0.142725417842744,0.158685305832389,0.0551985876660362,1,"Alpine",1.17204777395623
"181",1.06837825349009,-0.0726895882601103,-1.61511089614946,-1.05472764637926,0.093036389508823,3,"Alpine",1.17204777395623
"182",0.459265525852611,-1.43528135029856,-1.61511089614946,1.37209825804403,-0.0544535845522519,1,"Alpine",1.17204777395623
"183",-0.454403565603613,1.63055011428796,-0.142725417842744,-0.24578567823816,-0.406128017982816,4,"El Cajon",-0.0825637157859509
"184",-1.67262902087858,1.63055011428796,-0.142725417842744,-1.05472764637926,-0.314538515090786,4,"El Cajon",-0.0825637157859509
"185",-0.0849926365115277,-0.230234038511072,-0.142725417842744,0.563156289902937,-0.407581429501991,1,"El Cajon",-0.0825637157859509
"186",0.763821889671353,-2.4572251718274,1.32966006046397,-1.05472764637926,-0.437555283516519,0,"El Cajon",-0.0825637157859509
"187",0.459265525852611,-0.0726895882601103,-0.142725417842744,-0.24578567823816,-0.407534804376563,4,"El Cajon",-0.0825637157859509
"188",-0.149847201784871,0.267958352249503,-0.142725417842744,-0.650256662308708,0.75128543619067,4,"Alpine",1.17204777395623
"189",0.15470916203387,-0.413337528769723,1.32966006046397,1.37209825804403,0.600067424030023,2,"Alpine",1.17204777395623
"190",0.763821889671353,0.267958352249503,-0.142725417842744,-0.24578567823816,0.0756543687348352,2,"Alpine",1.17204777395623
"191",-0.149847201784871,1.63055011428796,-1.61511089614946,0.563156289902937,-0.0231529929318191,4,"Alpine",1.17204777395623
"192",-1.0635162932411,1.63055011428796,-1.61511089614946,1.77656924211458,1.74116798476346,4,"Alpine",1.17204777395623
"193",-1.0635162932411,0.267958352249503,-0.142725417842744,0.967627273973485,0.798638700197541,3,"Alpine",1.17204777395623
"194",-0.454403565603613,-0.0726895882601103,-0.142725417842744,-0.24578567823816,0.0587767069608959,3,"Alpine",1.17204777395623
"195",-1.36807265705984,0.267958352249503,-0.142725417842744,0.967627273973485,0.658131265618117,3,"Alpine",1.17204777395623
"196",1.06837825349009,-0.413337528769723,-0.142725417842744,1.37209825804403,1.8006914930564,4,"Alpine",1.17204777395623
"197",0.459265525852611,-0.753985469279336,1.32966006046397,0.625139825902817,1.62846579365726,4,"Alpine",1.17204777395623
"198",-0.149847201784871,-0.413337528769723,-0.142725417842744,-0.24578567823816,0.0963720159995547,3,"Alpine",1.17204777395623
"199",0.763821889671353,-2.11657723131779,-1.61511089614946,1.77656924211458,0.0615477514304826,0,"Alpine",1.17204777395623
"200",0.15470916203387,-0.753985469279336,-1.61511089614946,0.563156289902937,0.574612943532541,3,"Alpine",1.17204777395623
"201",0.15470916203387,-0.0726895882601103,-1.61511089614946,-1.05472764637926,1.76562971983575,3,"Alpine",1.17204777395623
"202",0.459265525852611,1.28990217377834,-1.61511089614946,1.77656924211458,0.689739261710859,3,"Alpine",1.17204777395623
"203",-0.454403565603613,-0.0726895882601103,-0.142725417842744,-0.24578567823816,0.347636319539864,4,"Alpine",1.17204777395623
"204",-0.454403565603613,1.63055011428796,1.32966006046397,-1.05472764637926,-0.437555283516519,4,"Lakeside",0.224140391714045
"205",-0.454403565603613,-2.4572251718274,1.32966006046397,-0.650256662308708,-0.412116266620329,0,"Lakeside",0.224140391714045
"206",-0.149847201784871,0.949254233268729,-0.142725417842744,-1.05472764637926,-0.431736793736018,3,"Lakeside",0.224140391714045
"207",1.37293461730884,-0.0726895882601103,1.32966006046397,1.77656924211458,-0.426067940251209,4,"Lakeside",0.224140391714045
"208",0.459265525852611,0.267958352249503,-1.61511089614946,0.158685305832389,-0.437555283516519,4,"Lakeside",0.224140391714045
"209",1.37293461730884,-1.43528135029856,1.32966006046397,-1.4591986304498,-0.415317158334147,1,"Lakeside",0.224140391714045
"210",1.37293461730884,-1.43528135029856,1.32966006046397,-0.650256662308708,-0.434290334379995,3,"Lakeside",0.224140391714045
"211",0.459265525852611,-0.753985469279336,-0.142725417842744,0.967627273973485,-0.389633247550024,3,"Lakeside",0.224140391714045
"212",-0.758959929422354,-1.09463340978895,1.32966006046397,0.158685305832389,-0.425615748506109,1,"Ramona",-0.230458482334306
"213",-0.454403565603613,0.267958352249503,-0.142725417842744,0.100563057182569,-0.330198718861167,4,"Ramona",-0.230458482334306
"214",0.15470916203387,-1.77592929080818,1.32966006046397,-1.4591986304498,-0.397014979804225,1,"Ramona",-0.230458482334306
"215",0.763821889671353,0.267958352249503,-0.142725417842744,-1.05472764637926,-0.376802765627988,3,"Ramona",-0.230458482334306
"216",-0.454403565603613,-0.413337528769723,-0.142725417842744,-0.650256662308708,-0.403127321526159,1,"Ramona",-0.230458482334306
"217",0.15470916203387,1.63055011428796,-0.142725417842744,-0.987402381779096,-0.435214584851965,4,"Ramona",-0.230458482334306
"218",1.06837825349009,-0.753985469279336,-0.142725417842744,0.563156289902937,-0.425659207924303,2,"Ramona",-0.230458482334306
"219",1.06837825349009,-0.0726895882601103,-0.142725417842744,-1.4591986304498,-0.369478281324028,2,"Ramona",-0.230458482334306
"220",-0.149847201784871,-1.77592929080818,-0.142725417842744,0.967627273973485,-0.388600916421672,2,"Ramona",-0.230458482334306
"221",0.763821889671353,-0.753985469279336,-1.61511089614946,0.158685305832389,-0.437555283516519,2,"Ramona",-0.230458482334306
"222",-0.149847201784871,-0.413337528769723,1.32966006046397,0.563156289902937,-0.437543315746488,4,"Ramona",-0.230458482334306
"223",-0.454403565603613,-0.0726895882601103,-0.142725417842744,-0.24578567823816,-0.425139068179186,2,"Ramona",-0.230458482334306
"224",-0.149847201784871,0.608606292759116,-1.61511089614946,-1.4591986304498,-0.416434891214873,2,"Ramona",-0.230458482334306
"225",0.763821889671353,-1.77592929080818,-0.142725417842744,-0.650256662308708,-0.380137554464974,2,"Ramona",-0.230458482334306
"226",-1.0635162932411,0.267958352249503,-0.142725417842744,1.77656924211458,-0.358866380270238,3,"Ramona",-0.230458482334306
"227",-0.454403565603613,-0.753985469279336,1.32966006046397,1.77656924211458,-0.437555283516519,4,"Ramona",-0.230458482334306
"228",0.15470916203387,-0.753985469279336,1.32966006046397,-0.650256662308708,-0.423264060062856,0,"Ramona",-0.230458482334306
"229",1.06837825349009,0.608606292759116,-0.142725417842744,0.421355405915566,-0.423508012858657,1,"Ramona",-0.230458482334306
"230",-0.454403565603613,0.267958352249503,1.32966006046397,0.158685305832389,-0.431397069726428,4,"Ramona",-0.230458482334306
"231",0.763821889671353,0.608606292759116,-0.142725417842744,0.967627273973485,-0.417197839628595,1,"Ramona",-0.230458482334306
"232",-1.67262902087858,1.28990217377834,1.32966006046397,0.967627273973485,-0.436814809392558,4,"Ramona",-0.230458482334306
"233",0.805132403768333,1.63055011428796,1.32966006046397,-0.24578567823816,-0.402458461028838,3,"Ramona",-0.230458482334306
"234",-0.454403565603613,-0.753985469279336,-0.142725417842744,-0.24578567823816,-0.364522685507185,3,"Ramona",-0.230458482334306
"235",-1.67262902087858,0.608606292759116,-1.61511089614946,-0.650256662308708,-0.403612458731617,2,"Ramona",-0.230458482334306
"236",0.459265525852611,-2.79787311233701,-0.142725417842744,0.563156289902937,-0.410686380262373,0,"Ramona",-0.230458482334306
"237",1.37293461730884,-2.19147254366303,-0.142725417842744,-0.24578567823816,-0.410686380262373,0,"Ramona",-0.230458482334306
"238",-0.454403565603613,0.267958352249503,1.32966006046397,0.850743693729463,-0.432195804303475,4,"Ramona",-0.230458482334306
"239",1.98204734494632,0.267958352249503,1.32966006046397,0.158685305832389,-0.433614756183966,1,"Lakeside",0.224140391714045
"240",-1.0635162932411,-2.4572251718274,-0.142725417842744,0.563156289902937,-0.395874812515408,1,"Ramona",-0.230458482334306
"241",-0.758959929422354,-0.413337528769723,1.32966006046397,-0.650256662308708,-0.413500282748636,1,"Ramona",-0.230458482334306
"242",-1.0635162932411,0.267958352249503,-0.142725417842744,0.158685305832389,-0.319551502835088,2,"Ramona",-0.230458482334306
"243",0.15470916203387,0.608606292759116,-0.142725417842744,0.563156289902937,-0.313414882598431,2,"Ramona",-0.230458482334306
"244",-0.454403565603613,-0.0726895882601103,-0.142725417842744,-0.24578567823816,-0.327717059144515,1,"Ramona",-0.230458482334306
"245",-0.758959929422354,1.63055011428796,-1.61511089614946,1.37209825804403,-0.376697346120579,4,"Ramona",-0.230458482334306
"246",-1.0635162932411,-1.43528135029856,-0.142725417842744,-0.509003764436026,-0.374829327604274,4,"Ramona",-0.230458482334306
"247",-0.149847201784871,0.267958352249503,-1.61511089614946,-0.24578567823816,-0.396879857613064,2,"Ramona",-0.230458482334306
"248",-0.454403565603613,-0.413337528769723,-0.142725417842744,-0.24578567823816,-0.41632290550134,3,"Ramona",-0.230458482334306
"249",-1.67262902087858,1.63055011428796,1.32966006046397,1.77656924211458,-0.417495588454526,4,"Ramona",-0.230458482334306
"250",-1.67262902087858,1.63055011428796,-0.142725417842744,1.77656924211458,-0.410669898912648,3,"Ramona",-0.230458482334306
"251",-0.758959929422354,-0.413337528769723,-0.142725417842744,-0.650256662308708,-0.412409438217233,3,"Ramona",-0.230458482334306
"252",-0.454403565603613,0.267958352249503,-0.142725417842744,-1.86366961452035,-0.397537132349694,2,"Ramona",-0.230458482334306
"253",1.67749098112758,-0.753985469279336,-0.142725417842744,-0.650256662308708,-0.417297643963565,1,"Ramona",-0.230458482334306
"254",1.06837825349009,-0.413337528769723,-0.142725417842744,-0.650256662308708,-0.35632878201013,0,"Ramona",-0.230458482334306
"255",0.185647669576019,0.237257786236841,-0.142725417842744,-0.24578567823816,-0.389118209157228,4,"Ramona",-0.230458482334306
"256",-1.36807265705984,0.949254233268729,-0.142725417842744,-1.86366961452035,-0.416961951882257,3,"Ramona",-0.230458482334306
"257",-0.758959929422354,0.267958352249503,1.32966006046397,0.967627273973485,-0.429469455984227,2,"Ramona",-0.230458482334306
"258",-0.149847201784871,-2.11657723131779,1.32966006046397,-0.100997446462268,-0.431810614955942,4,"Ramona",-0.230458482334306
"259",-1.36807265705984,1.63055011428796,1.32966006046397,1.77656924211458,-0.431178768223723,4,"Ramona",-0.230458482334306
"260",0.459265525852611,1.63055011428796,1.32966006046397,0.563156289902937,-0.418443963240093,4,"Ramona",-0.230458482334306
"261",0.459265525852611,-0.0726895882601103,-0.142725417842744,0.158685305832389,-0.404505787678038,3,"Ramona",-0.230458482334306
"262",0.15470916203387,-0.0726895882601103,1.32966006046397,1.77656924211458,-0.408340304502803,3,"Ramona",-0.230458482334306
"263",1.37293461730884,1.63055011428796,-1.61511089614946,0.563156289902937,-0.437555283516519,0,"Ramona",-0.230458482334306
"264",-0.149847201784871,-0.0726895882601103,1.32966006046397,-1.05472764637926,-0.437555283516519,3,"Ramona",-0.230458482334306
"265",-0.454403565603613,0.267958352249503,1.32966006046397,-0.24578567823816,-0.382302237210047,0,"Ramona",-0.230458482334306
"266",-1.0635162932411,-1.43528135029856,-0.142725417842744,-1.4591986304498,-0.434542321593535,1,"Ramona",-0.230458482334306
"267",-0.454403565603613,-0.0726895882601103,1.32966006046397,0.158685305832389,-0.428371266013604,3,"Ramona",-0.230458482334306
"268",-0.454403565603613,0.267958352249503,1.32966006046397,0.563156289902937,-0.435703624186247,4,"Lakeside",0.224140391714045
"269",0.15470916203387,0.267958352249503,1.32966006046397,1.37209825804403,-0.411534269597735,1,"Ramona",-0.230458482334306
"270",0.763821889671353,-0.753985469279336,1.32966006046397,-0.24578567823816,-0.422456906551395,3,"Ramona",-0.230458482334306
"271",1.67749098112758,0.608606292759116,-0.142725417842744,-0.24578567823816,-0.387908631782875,3,"Ramona",-0.230458482334306
"272",0.459265525852611,-1.77592929080818,-0.142725417842744,0.967627273973485,-0.330473048513146,0,"Ramona",-0.230458482334306
"273",0.15470916203387,-0.0726895882601103,-0.142725417842744,0.563156289902937,-0.428858058930372,1,"Ramona",-0.230458482334306
"274",-0.454403565603613,0.267958352249503,-1.61511089614946,-1.05472764637926,-0.396746932050669,4,"Ramona",-0.230458482334306
"275",-0.454403565603613,-0.753985469279336,-1.61511089614946,-0.650256662308708,-0.420008471717846,0,"Ramona",-0.230458482334306
"276",-1.36807265705984,0.949254233268729,1.32966006046397,0.967627273973485,-0.433371476253114,3,"Ramona",-0.230458482334306
"277",0.763821889671353,-1.43528135029856,-0.142725417842744,-2.2681405985909,-0.368301900257303,2,"Ramona",-0.230458482334306
"278",0.763821889671353,-1.77592929080818,-0.142725417842744,-0.24578567823816,-0.369447276700112,3,"Ramona",-0.230458482334306
"279",-0.454403565603613,-0.753985469279336,-1.61511089614946,-1.05472764637926,-0.37545415185816,0,"Ramona",-0.230458482334306
"280",-0.454403565603613,0.949254233268729,-0.142725417842744,-0.24578567823816,-0.437555283516519,4,"Ramona",-0.230458482334306
"281",1.37293461730884,-0.753985469279336,-0.142725417842744,-1.4591986304498,-0.322974817373528,1,"Ramona",-0.230458482334306
"282",-0.454403565603613,-1.43528135029856,-1.61511089614946,-1.05472764637926,-0.333174692488603,0,"Ramona",-0.230458482334306
"283",-1.67262902087858,0.608606292759116,-1.61511089614946,0.158685305832389,-0.334994450112508,0,"Ramona",-0.230458482334306
"284",-0.758959929422354,0.267958352249503,1.32966006046397,1.37209825804403,-0.419878628235546,2,"Ramona",-0.230458482334306
"285",0.459265525852611,-0.413337528769723,1.32966006046397,0.563156289902937,-0.393474728486,2,"Ramona",-0.230458482334306
"286",-0.454403565603613,0.267958352249503,-0.142725417842744,-0.24578567823816,-0.412061737059561,4,"Ramona",-0.230458482334306
"287",-0.454403565603613,-0.753985469279336,-0.142725417842744,-1.4591986304498,-0.387313325445516,1,"Ramona",-0.230458482334306
"288",0.15470916203387,-0.413337528769723,-0.142725417842744,-0.650256662308708,-0.397384013048262,3,"Ramona",-0.230458482334306
"289",-0.454403565603613,-0.753985469279336,-0.142725417842744,-0.24578567823816,-0.416314544726651,2,"Ramona",-0.230458482334306
"290",1.06837825349009,-0.0726895882601103,-0.142725417842744,-0.24578567823816,-0.403666912968881,3,"Ramona",-0.230458482334306
"291",2.89571643640254,0.608606292759116,1.32966006046397,0.967627273973485,-0.264378568888548,4,"Ramona",-0.230458482334306
"292",0.15470916203387,0.267958352249503,1.32966006046397,-0.650256662308708,-0.437555283516519,4,"Lakeside",0.224140391714045
"293",-0.454403565603613,-0.0726895882601103,-0.142725417842744,0.158685305832389,-0.384008126354359,3,"Lakeside",0.224140391714045
"294",0.15470916203387,-1.09463340978895,-1.61511089614946,-1.86366961452035,-0.437555283516519,3,"Ramona",-0.230458482334306
"295",-0.758959929422354,1.28990217377834,1.32966006046397,0.158685305832389,-0.419414669145964,1,"Ramona",-0.230458482334306
"296",-0.149847201784871,1.63055011428796,-0.142725417842744,0.967627273973485,-0.437555283516519,3,"Ramona",-0.230458482334306
"297",-0.454403565603613,-1.09463340978895,-0.142725417842744,0.967627273973485,-0.409852726332663,2,"Ramona",-0.230458482334306
"298",0.15470916203387,-0.846304673169435,-0.142725417842744,-1.4591986304498,-0.408047537401091,2,"Ramona",-0.230458482334306
"299",-1.67262902087858,0.949254233268729,-0.142725417842744,-0.24578567823816,-0.395731464278948,1,"Ramona",-0.230458482334306
"300",0.763821889671353,1.63055011428796,-1.61511089614946,-0.650256662308708,-0.382615521565841,4,"Ramona",-0.230458482334306
"301",-0.454403565603613,-0.753985469279336,-1.61511089614946,0.158685305832389,-0.396125364259578,2,"Ramona",-0.230458482334306
"302",-1.81191812904571,1.63055011428796,-0.142725417842744,1.77656924211458,-0.352396348259181,1,"Ramona",-0.230458482334306
"303",-0.454403565603613,0.267958352249503,-1.61511089614946,1.37209825804403,-0.408307875000545,2,"Ramona",-0.230458482334306
"304",0.763821889671353,0.267958352249503,-0.142725417842744,0.158685305832389,-0.39920044490877,3,"Ramona",-0.230458482334306
"305",0.763821889671353,-0.0726895882601103,-0.142725417842744,-1.4591986304498,-0.396746932050669,0,"Ramona",-0.230458482334306
"306",-0.758959929422354,1.63055011428796,-1.61511089614946,0.158685305832389,-0.380229139579611,4,"Ramona",-0.230458482334306
"307",0.459265525852611,0.267958352249503,1.32966006046397,-0.24578567823816,-0.435533557831708,2,"Ramona",-0.230458482334306
"308",-1.0635162932411,-0.0726895882601103,-0.142725417842744,-0.590508477927107,-0.390534430964538,4,"Ramona",-0.230458482334306
"309",2.28660370876506,0.267958352249503,-0.142725417842744,-1.05472764637926,-0.418445751256386,3,"Ramona",-0.230458482334306
"310",0.15470916203387,-0.0726895882601103,1.32966006046397,0.563156289902937,-0.433125035641071,1,"Ramona",-0.230458482334306
"311",0.15470916203387,-2.4572251718274,-0.142725417842744,-0.650256662308708,-0.42234082455962,2,"Ramona",-0.230458482334306
"312",-0.454403565603613,-0.753985469279336,-0.142725417842744,-0.24578567823816,-0.368988495153478,0,"Ramona",-0.230458482334306
"313",-0.454403565603613,0.267958352249503,-0.142725417842744,-0.24578567823816,-0.435101684632573,3,"Ramona",-0.230458482334306
"314",-1.67262902087858,0.267958352249503,-0.142725417842744,0.158685305832389,-0.416859129869135,3,"Ramona",-0.230458482334306
"315",-0.454403565603613,1.63055011428796,-0.142725417842744,-0.650256662308708,-0.419632276403718,4,"Ramona",-0.230458482334306
"316",0.459265525852611,-0.0726895882601103,-0.142725417842744,0.967627273973485,-0.383179504857694,1,"Ramona",-0.230458482334306
"317",-1.0635162932411,-1.09463340978895,-0.142725417842744,-0.650256662308708,-0.368023894136012,0,"Ramona",-0.230458482334306
"318",0.15470916203387,-0.413337528769723,1.32966006046397,0.967627273973485,-0.410210143423097,3,"Ramona",-0.230458482334306
"319",-1.0635162932411,0.608606292759116,-0.142725417842744,-1.86366961452035,-0.433154446596776,3,"Ramona",-0.230458482334306
"320",0.763821889671353,-0.0726895882601103,-0.142725417842744,-1.00620066534735,0.0364040211334924,4,"Ramona",-0.230458482334306
"321",-1.0635162932411,-1.09463340978895,1.32966006046397,0.563156289902937,-0.397889848474159,2,"Ramona",-0.230458482334306
"322",0.15470916203387,1.63055011428796,-0.142725417842744,-0.469965653507093,-0.421612730314648,3,"Ramona",-0.230458482334306
"323",-0.454403565603613,-1.43528135029856,-1.61511089614946,-1.05472764637926,-0.418084081967584,2,"Ramona",-0.230458482334306
"324",0.763821889671353,0.608606292759116,-0.142725417842744,-1.86366961452035,-0.432271444687201,3,"Ramona",-0.230458482334306
"325",-0.454403565603613,-0.0726895882601103,-0.142725417842744,0.158685305832389,-0.405130872584537,4,"Ramona",-0.230458482334306
"326",1.37293461730884,-0.753985469279336,-0.142725417842744,0.158685305832389,-0.344006406960254,1,"Ramona",-0.230458482334306
"327",0.15470916203387,-0.413337528769723,1.32966006046397,0.158685305832389,-0.397794392507503,2,"Ramona",-0.230458482334306
"328",-0.454403565603613,-0.413337528769723,-1.61511089614946,-1.86366961452035,-0.395334131203057,3,"Ramona",-0.230458482334306
"329",0.459265525852611,0.267958352249503,-0.142725417842744,0.563156289902937,-0.375613602095724,4,"Ramona",-0.230458482334306
"330",0.763821889671353,-0.753985469279336,-1.61511089614946,0.967627273973485,-0.368041355023864,1,"Ramona",-0.230458482334306
"331",0.763821889671353,0.267958352249503,-0.142725417842744,-0.24578567823816,-0.392786658516005,3,"Ramona",-0.230458482334306
"332",-1.0635162932411,0.267958352249503,-0.142725417842744,-1.4591986304498,-0.420461650499913,4,"Ramona",-0.230458482334306
"333",0.763821889671353,0.267958352249503,-0.142725417842744,0.158685305832389,-0.429350897156324,2,"Ramona",-0.230458482334306
"334",0.15470916203387,-0.0726895882601103,-0.142725417842744,0.490213583761185,-0.330860596182872,4,"Ramona",-0.230458482334306
"335",0.114337857960072,-2.11657723131779,-0.142725417842744,1.77656924211458,-0.422421916359242,4,"Ramona",-0.230458482334306
"336",-1.0635162932411,0.267958352249503,-0.142725417842744,-0.24578567823816,-0.424418165912729,3,"Ramona",-0.230458482334306
"337",0.15470916203387,-0.413337528769723,1.32966006046397,0.967627273973485,-0.382744642063445,1,"Ramona",-0.230458482334306
"338",-1.0635162932411,0.608606292759116,-0.142725417842744,0.967627273973485,-0.404316007257962,2,"Ramona",-0.230458482334306
"339",1.67749098112758,-0.0726895882601103,-0.142725417842744,-0.24578567823816,-0.424145990499366,2,"Ramona",-0.230458482334306
"340",0.15470916203387,0.267958352249503,-0.142725417842744,-0.24578567823816,-0.348605551303949,4,"Ramona",-0.230458482334306
"341",0.15470916203387,-0.753985469279336,1.32966006046397,-0.535718683969721,-0.40084549145845,4,"Ramona",-0.230458482334306
"342",1.67749098112758,0.267958352249503,1.32966006046397,-1.05472764637926,-0.437555283516519,4,"Ramona",-0.230458482334306
"343",0.15470916203387,0.267958352249503,-1.61511089614946,0.563156289902937,-0.366209224527435,3,"Ramona",-0.230458482334306
"344",-0.758959929422354,-0.753985469279336,1.32966006046397,0.158685305832389,-0.437555283516519,2,"Lakeside",0.224140391714045
"345",-0.149847201784871,-1.43528135029856,-0.142725417842744,1.37209825804403,-0.437555283516519,1,"Lakeside",0.224140391714045
"346",2.28660370876506,0.267958352249503,-0.142725417842744,0.158685305832389,-0.437555283516519,2,"Ramona",-0.230458482334306
"347",1.98204734494632,1.63055011428796,-0.142725417842744,0.563156289902937,-0.389498778089939,4,"Ramona",-0.230458482334306
"348",-0.871875570126779,0.267958352249503,-0.142725417842744,0.967627273973485,-0.362009410497924,2,"Ramona",-0.230458482334306
"349",0.15470916203387,0.608606292759116,-0.142725417842744,0.967627273973485,-0.39920044490877,0,"Ramona",-0.230458482334306
"350",-0.454403565603613,-0.413337528769723,-0.142725417842744,0.967627273973485,-0.404631970543999,4,"Ramona",-0.230458482334306
"351",0.763821889671353,1.63055011428796,-0.142725417842744,0.158685305832389,-0.430683457747692,4,"Ramona",-0.230458482334306
"352",0.459265525852611,0.267958352249503,-0.142725417842744,-1.4591986304498,-0.333103699811326,2,"Ramona",-0.230458482334306
"353",0.459265525852611,-1.09463340978895,-0.142725417842744,-1.86366961452035,-0.384793302894334,2,"Ramona",-0.230458482334306
"354",0.459265525852611,-1.09463340978895,-1.61511089614946,-0.650256662308708,-0.389866779083826,2,"Ramona",-0.230458482334306
"355",-0.149847201784871,1.63055011428796,-1.61511089614946,-1.05472764637926,-0.396746932050669,4,"Ramona",-0.230458482334306
"356",-0.454403565603613,-0.413337528769723,-0.142725417842744,0.967627273973485,-0.356886570615493,3,"Ramona",-0.230458482334306
"357",0.459265525852611,-0.753985469279336,1.32966006046397,0.563156289902937,-0.386376725155469,1,"Ramona",-0.230458482334306
"358",0.763821889671353,0.267958352249503,-0.142725417842744,1.77656924211458,-0.384793302894334,4,"Ramona",-0.230458482334306
"359",-1.59240713826769,0.949254233268729,-0.142725417842744,1.77656924211458,-0.423068462761119,0,"Ramona",-0.230458482334306
"360",-0.758959929422354,0.267958352249503,-0.142725417842744,0.967627273973485,-0.417841935531408,4,"Ramona",-0.230458482334306
"361",-0.454403565603613,-1.43528135029856,1.32966006046397,0.967627273973485,-0.407137494586235,1,"Ramona",-0.230458482334306
"362",0.15470916203387,-0.0726895882601103,-0.142725417842744,-1.05472764637926,-0.436909963120769,2,"Ramona",-0.230458482334306
"363",-0.149847201784871,-1.09463340978895,-1.61511089614946,0.158685305832389,-0.339689092661789,2,"Ramona",-0.230458482334306
"364",0.15470916203387,-1.43528135029856,1.32966006046397,-1.4591986304498,-0.378032604092253,1,"Ramona",-0.230458482334306
"365",0.763821889671353,-0.413337528769723,-0.142725417842744,0.158685305832389,-0.394706118298824,1,"Ramona",-0.230458482334306
"366",-0.758959929422354,-0.0726895882601103,1.32966006046397,0.158685305832389,-0.42122040108863,3,"Ramona",-0.230458482334306
"367",-0.454403565603613,-0.753985469279336,1.32966006046397,-0.24578567823816,-0.353472168520692,1,"Ramona",-0.230458482334306
"368",-0.454403565603613,-0.413337528769723,-0.142725417842744,-0.24578567823816,-0.403312376546503,2,"Ramona",-0.230458482334306
"369",-1.0635162932411,0.267958352249503,1.32966006046397,0.967627273973485,-0.436723731403087,3,"Ramona",-0.230458482334306
"370",0.763821889671353,0.267958352249503,-0.142725417842744,0.158685305832389,-0.417984012043655,1,"Ramona",-0.230458482334306
"371",-0.454403565603613,0.267958352249503,1.32966006046397,1.37209825804403,-0.429091560551829,1,"Ramona",-0.230458482334306
"372",-0.454403565603613,0.267958352249503,-0.142725417842744,-0.0681044856479966,-0.42191579302691,4,"Ramona",-0.230458482334306
"373",0.763821889671353,0.267958352249503,-0.142725417842744,0.563156289902937,-0.437555283516519,2,"Ramona",-0.230458482334306
"374",-0.454403565603613,-0.470087283864508,1.32966006046397,1.37209825804403,-0.402524740964152,2,"Ramona",-0.230458482334306
"375",-0.149847201784871,-0.753985469279336,1.32966006046397,1.37209825804403,-0.384887600503047,3,"Ramona",-0.230458482334306
"376",1.06837825349009,0.267958352249503,-1.61511089614946,-1.4591986304498,-0.424716076057568,1,"Ramona",-0.230458482334306
"377",-0.149847201784871,-1.77592929080818,-0.142725417842744,0.158685305832389,-0.390741425825515,2,"Ramona",-0.230458482334306
"378",1.06837825349009,0.267958352249503,-0.142725417842744,0.967627273973485,-0.430991287172761,3,"Ramona",-0.230458482334306
"379",-1.36807265705984,-1.09463340978895,-0.142725417842744,0.967627273973485,-0.435503913304367,2,"Ramona",-0.230458482334306
"380",-1.36807265705984,1.63055011428796,1.32966006046397,1.37209825804403,-0.437555283516519,4,"Ramona",-0.230458482334306
"381",-1.67262902087858,-1.09463340978895,1.32966006046397,1.37209825804403,-0.437555283516519,1,"Ramona",-0.230458482334306
"382",2.5911600725838,-0.753985469279336,1.32966006046397,0.967627273973485,-0.437555283516519,0,"Lakeside",0.224140391714045
"383",-1.67262902087858,0.608606292759116,-0.142725417842744,0.563156289902937,-0.437555283516519,3,"Lakeside",0.224140391714045
"384",0.763821889671353,-0.0726895882601103,-1.61511089614946,1.37209825804403,-0.437555283516519,3,"Ramona",-0.230458482334306
"385",0.763821889671353,-1.09463340978895,1.32966006046397,0.158685305832389,-0.437555283516519,0,"Ramona",-0.230458482334306
"386",0.763821889671353,-0.0726895882601103,-0.142725417842744,0.563156289902937,-0.437555283516519,4,"Ramona",-0.230458482334306
"387",0.763821889671353,-1.43528135029856,1.32966006046397,-0.650256662308708,-0.42227575374285,0,"Ramona",-0.230458482334306
"388",0.763821889671353,-0.413337528769723,1.32966006046397,-0.650256662308708,-0.415012279522126,2,"Ramona",-0.230458482334306
"389",2.28660370876506,1.63055011428796,-1.61511089614946,0.477549639132428,-0.39920044490877,4,"Ramona",-0.230458482334306
"390",-1.67262902087858,1.63055011428796,-1.61511089614946,0.158685305832389,-0.336171484480368,0,"Ramona",-0.230458482334306
"391",-0.454403565603613,-1.77592929080818,-0.142725417842744,-1.05472764637926,-0.35058460315696,1,"Ramona",-0.230458482334306
"392",0.15470916203387,-0.0726895882601103,-0.142725417842744,-1.4591986304498,-0.356815620269578,1,"Ramona",-0.230458482334306
"393",-0.454403565603613,-1.77592929080818,-0.142725417842744,-1.86366961452035,-0.376739177218567,3,"Ramona",-0.230458482334306
"394",1.06837825349009,0.267958352249503,-0.142725417842744,-1.05472764637926,-0.429212981965619,4,"Ramona",-0.230458482334306
"395",-0.454403565603613,0.267958352249503,1.32966006046397,-0.650256662308708,-0.425987492021058,2,"Ramona",-0.230458482334306
"396",1.98204734494632,0.267958352249503,-0.142725417842744,-1.4591986304498,-0.387614214922433,1,"Ramona",-0.230458482334306
"397",-1.36807265705984,-0.0726895882601103,-0.142725417842744,0.158685305832389,-0.389387792370853,4,"Ramona",-0.230458482334306
"398",-0.454403565603613,0.608606292759116,-0.142725417842744,0.158685305832389,-0.394607594237945,1,"Ramona",-0.230458482334306
"399",-0.149847201784871,-1.09463340978895,-0.142725417842744,0.967627273973485,-0.361395806303451,1,"Ramona",-0.230458482334306
"400",-0.758959929422354,-2.11657723131779,-0.142725417842744,-1.05472764637926,-0.395660586747303,1,"Ramona",-0.230458482334306
"401",-0.149847201784871,-0.413337528769723,1.32966006046397,0.563156289902937,-0.34233282484843,2,"Ramona",-0.230458482334306
"402",-0.454403565603613,0.608606292759116,1.32966006046397,-1.05472764637926,-0.417247909873689,0,"Ramona",-0.230458482334306
"403",0.763821889671353,0.949254233268729,1.32966006046397,-0.141850074277865,-0.423420663633993,4,"Ramona",-0.230458482334306
"404",0.459265525852611,-0.753985469279336,1.32966006046397,-0.650256662308708,-0.437555283516519,3,"Ramona",-0.230458482334306
"405",0.763821889671353,0.267958352249503,-0.142725417842744,-1.05472764637926,-0.435553788777551,2,"Ramona",-0.230458482334306
"406",-0.758959929422354,-1.77592929080818,-0.142725417842744,-0.650256662308708,-0.410686380262373,1,"Ramona",-0.230458482334306
"407",0.15470916203387,-1.09463340978895,1.32966006046397,0.967627273973485,-0.394408280720617,2,"Ramona",-0.230458482334306
"408",0.459265525852611,-0.753985469279336,-0.142725417842744,-0.24578567823816,-0.416657079043533,1,"Ramona",-0.230458482334306
"409",-0.758959929422354,-0.413337528769723,1.32966006046397,0.967627273973485,-0.437555283516519,4,"Ramona",-0.230458482334306
"410",0.763821889671353,0.267958352249503,1.32966006046397,0.967627273973485,-0.437555283516519,3,"Ramona",-0.230458482334306
"411",-0.454403565603613,0.267958352249503,1.32966006046397,0.158685305832389,-0.437555283516519,0,"Ramona",-0.230458482334306
"412",1.98204734494632,-1.09463340978895,1.32966006046397,0.158685305832389,-0.421827009429388,3,"Ramona",-0.230458482334306
"413",1.37293461730884,-0.753985469279336,-0.142725417842744,-0.650256662308708,-0.372101174711957,1,"Ramona",-0.230458482334306
"414",0.763821889671353,-0.413337528769723,-0.142725417842744,0.158685305832389,-0.421307193056147,4,"Ramona",-0.230458482334306
"415",1.06837825349009,0.267958352249503,-0.142725417842744,-0.650256662308708,-0.353778074710894,3,"Ramona",-0.230458482334306
"416",-0.454403565603613,-1.77592929080818,-1.61511089614946,1.37209825804403,-0.312439594050783,3,"Ramona",-0.230458482334306
"417",-0.758959929422354,-0.413337528769723,1.32966006046397,0.563156289902937,-0.371975908010423,4,"Ramona",-0.230458482334306
"418",-0.454403565603613,-0.413337528769723,-1.61511089614946,-0.24578567823816,-0.426793443231657,4,"Ramona",-0.230458482334306
"419",-1.36807265705984,1.63055011428796,1.32966006046397,0.943922770806852,-0.413132711115378,4,"Ramona",-0.230458482334306
"420",-0.758959929422354,0.267958352249503,-0.142725417842744,0.563156289902937,-0.386210400638097,1,"Ramona",-0.230458482334306
"421",-1.67262902087858,0.267958352249503,-0.142725417842744,-1.4591986304498,-0.363172728162799,3,"Ramona",-0.230458482334306
"422",-0.454403565603613,1.63055011428796,1.32966006046397,1.77656924211458,-0.355028620070694,4,"Ramona",-0.230458482334306
"423",1.98204734494632,0.267958352249503,-1.61511089614946,-0.24578567823816,-0.378318193907683,2,"Ramona",-0.230458482334306
"424",-0.758959929422354,-0.413337528769723,-0.142725417842744,-0.24578567823816,-0.393282077687075,2,"Ramona",-0.230458482334306
"425",-0.758959929422354,0.267958352249503,-1.61511089614946,0.158685305832389,-0.383358989873903,3,"Ramona",-0.230458482334306
"426",0.763821889671353,0.267958352249503,-0.142725417842744,-0.24578567823816,-0.406182097467435,4,"Ramona",-0.230458482334306
"427",-1.67262902087858,-0.0726895882601103,1.32966006046397,-0.24578567823816,-0.436803582064218,1,"Ramona",-0.230458482334306
"428",-0.758959929422354,0.267958352249503,1.32966006046397,-1.4591986304498,-0.386209166727349,3,"Ramona",-0.230458482334306
"429",-1.0635162932411,0.949254233268729,1.32966006046397,0.967627273973485,-0.423118259765528,2,"Ramona",-0.230458482334306
"430",-0.454403565603613,1.63055011428796,-0.142725417842744,-0.409926480245022,-0.400945278032212,4,"Ramona",-0.230458482334306
"431",0.15470916203387,0.267958352249503,-0.142725417842744,0.563156289902937,-0.423144050623872,3,"Ramona",-0.230458482334306
"432",1.37293461730884,-1.43528135029856,-1.61511089614946,-0.24578567823816,-0.422376189255916,1,"Ramona",-0.230458482334306
"433",-1.0635162932411,-0.0726895882601103,-0.142725417842744,0.944199363655996,-0.430631444999823,1,"Ramona",-0.230458482334306
"434",1.37293461730884,0.267958352249503,1.32966006046397,1.37209825804403,-0.437555283516519,4,"Ramona",-0.230458482334306
"435",-0.454403565603613,-0.0726895882601103,1.32966006046397,1.77656924211458,-0.437555283516519,3,"Ramona",-0.230458482334306
"436",-1.36807265705984,0.608606292759116,-0.142725417842744,0.158685305832389,-0.437555283516519,3,"Ramona",-0.230458482334306
"437",1.67749098112758,-0.0726895882601103,-0.142725417842744,-1.4591986304498,-0.378767180819347,1,"Ramona",-0.230458482334306
"438",0.459265525852611,-0.753985469279336,1.32966006046397,0.158685305832389,-0.402690095227039,3,"Ramona",-0.230458482334306
"439",-1.36807265705984,1.63055011428796,-0.142725417842744,1.37209825804403,-0.408307875000545,3,"Ramona",-0.230458482334306
"440",-1.36807265705984,-0.0726895882601103,-0.142725417842744,0.967627273973485,-0.354240813718136,3,"Ramona",-0.230458482334306
"441",-0.758959929422354,0.949254233268729,-0.142725417842744,1.37209825804403,-0.316377257352957,3,"Ramona",-0.230458482334306
"442",-1.0635162932411,0.267958352249503,-1.61511089614946,0.158685305832389,-0.411846893210829,1,"Ramona",-0.230458482334306
"443",0.459265525852611,-0.0726895882601103,-1.61511089614946,0.563156289902937,-0.408307875000545,4,"Ramona",-0.230458482334306
"444",-0.454403565603613,0.267958352249503,-1.61511089614946,-0.24578567823816,-0.396746932050669,2,"Ramona",-0.230458482334306
"445",0.410543759332119,0.267958352249503,-0.142725417842744,0.158685305832389,-0.396746932050669,0,"Ramona",-0.230458482334306
"446",-0.454403565603613,-0.0726895882601103,-1.61511089614946,-0.80663792333422,-0.396746932050669,4,"Ramona",-0.230458482334306
"447",0.459265525852611,-1.09463340978895,-0.142725417842744,0.563156289902937,-0.380366870263866,0,"Ramona",-0.230458482334306
"448",0.459265525852611,0.949254233268729,-0.142725417842744,0.158685305832389,-0.374146703092482,2,"Ramona",-0.230458482334306
"449",0.15470916203387,-1.77592929080818,-0.142725417842744,-1.4591986304498,-0.410024977739084,0,"Ramona",-0.230458482334306
"450",0.15470916203387,-0.0726895882601103,-0.142725417842744,0.563156289902937,-0.431854605862285,2,"Ramona",-0.230458482334306
"451",-0.454403565603613,0.267958352249503,-1.61511089614946,-1.26872603917595,-0.395249597836164,4,"Ramona",-0.230458482334306
"452",1.98204734494632,1.63055011428796,-0.142725417842744,0.563156289902937,-0.401065426893244,0,"Ramona",-0.230458482334306
"453",0.459265525852611,1.28990217377834,1.32966006046397,1.77656924211458,-0.424501092648997,2,"Ramona",-0.230458482334306
"454",0.763821889671353,1.63055011428796,1.32966006046397,0.158685305832389,-0.412586740088196,1,"Ramona",-0.230458482334306
"455",-0.149847201784871,-1.43528135029856,1.32966006046397,-1.05472764637926,-0.397920650710193,1,"Ramona",-0.230458482334306
"456",-1.67262902087858,-0.413337528769723,-0.142725417842744,0.651999776798591,-0.411733012913454,4,"Ramona",-0.230458482334306
"457",0.459265525852611,0.267958352249503,1.32966006046397,0.967627273973485,-0.437555283516519,1,"Ramona",-0.230458482334306
"458",-0.758959929422354,0.267958352249503,-0.142725417842744,-1.4591986304498,-0.410686380262373,1,"Ramona",-0.230458482334306
"459",0.459265525852611,0.267958352249503,-0.142725417842744,0.187142583001127,-0.415586091723095,4,"Ramona",-0.230458482334306
"460",0.800014467006578,-0.0726895882601103,-0.142725417842744,-0.24578567823816,-0.365752327595325,3,"Ramona",-0.230458482334306
"461",0.763821889671353,-0.0726895882601103,-1.61511089614946,-2.2681405985909,-0.359316817207678,3,"Ramona",-0.230458482334306
"462",-0.758959929422354,-1.09463340978895,1.32966006046397,0.158685305832389,-0.437555283516519,0,"Ramona",-0.230458482334306
"463",-0.149847201784871,1.63055011428796,-0.142725417842744,0.0697345883606245,-0.437555283516519,4,"Ramona",-0.230458482334306
"464",0.763821889671353,0.267958352249503,1.32966006046397,0.563156289902937,-0.436274187774656,2,"Ramona",-0.230458482334306
"465",0.763821889671353,-0.753985469279336,-0.142725417842744,0.158685305832389,-0.324116454098304,2,"Ramona",-0.230458482334306
"466",0.763821889671353,-0.753985469279336,-1.61511089614946,-1.05472764637926,-0.432761717790601,1,"Lakeside",0.224140391714045
"467",-1.67262902087858,0.608606292759116,1.32966006046397,0.440398542267702,-0.423868744118242,4,"Ramona",-0.230458482334306
"468",1.06837825349009,-0.753985469279336,1.32966006046397,0.563156289902937,-0.411939391603793,1,"Ramona",-0.230458482334306
"469",-0.454403565603613,0.267958352249503,-0.142725417842744,-0.24578567823816,-0.362128236369472,2,"Ramona",-0.230458482334306
"470",-0.454403565603613,-1.43528135029856,1.32966006046397,-1.05472764637926,-0.425635687743476,2,"Ramona",-0.230458482334306
"471",0.459265525852611,-2.79787311233701,-1.61511089614946,-1.93380969435829,-0.320351750363321,4,"Ramona",-0.230458482334306
"472",-1.67262902087858,-0.413337528769723,-0.142725417842744,0.158685305832389,-0.39920044490877,4,"Ramona",-0.230458482334306
"473",0.459265525852611,0.267958352249503,-0.142725417842744,-0.24578567823816,-0.432530393621546,3,"Ramona",-0.230458482334306
"474",-0.149847201784871,0.608606292759116,-0.142725417842744,0.563156289902937,-0.405521605758596,2,"Ramona",-0.230458482334306
"475",-1.67262902087858,0.649511785165335,-1.61511089614946,0.967627273973485,-0.427064436919453,1,"Ramona",-0.230458482334306
"476",-0.758959929422354,0.267958352249503,-0.142725417842744,0.967627273973485,-0.380737095434732,2,"Ramona",-0.230458482334306
"477",-0.454403565603613,0.267958352249503,-0.142725417842744,-0.650256662308708,-0.403095061821505,2,"Ramona",-0.230458482334306
"478",0.763821889671353,-0.0726895882601103,-0.142725417842744,-0.24578567823816,-0.425402279181053,2,"Ramona",-0.230458482334306
"479",-1.36807265705984,-0.0726895882601103,-1.61511089614946,-0.24578567823816,-0.424122307847004,3,"Ramona",-0.230458482334306
"480",1.37293461730884,-0.413337528769723,-0.142725417842744,-0.650256662308708,-0.377865156533741,1,"Ramona",-0.230458482334306
"481",0.15470916203387,0.267958352249503,1.32966006046397,0.967627273973485,-0.432258485524017,2,"Ramona",-0.230458482334306
"482",1.98204734494632,0.949254233268729,-0.142725417842744,1.37209825804403,-0.418147265617589,3,"Ramona",-0.230458482334306
"483",0.15470916203387,0.608606292759116,1.32966006046397,-0.328717343998943,-0.426181031014422,0,"Ramona",-0.230458482334306
"484",-1.0635162932411,-1.43528135029856,1.32966006046397,0.158685305832389,-0.398805909847143,1,"Ramona",-0.230458482334306
"485",0.763821889671353,-1.77592929080818,1.32966006046397,1.77656924211458,-0.432827370296764,3,"Ramona",-0.230458482334306
"486",0.763821889671353,-0.753985469279336,1.32966006046397,1.77656924211458,-0.418816175317394,1,"Ramona",-0.230458482334306
"487",-0.149847201784871,-1.43528135029856,-0.142725417842744,-0.367481174521773,-0.403505595498784,4,"Ramona",-0.230458482334306
"488",-0.454403565603613,0.608606292759116,1.32966006046397,0.563156289902937,-0.418352604536379,2,"Ramona",-0.230458482334306
"489",-1.67262902087858,0.267958352249503,-1.61511089614946,-0.24578567823816,-0.0119464186276559,3,"Ramona",-0.230458482334306
"490",0.763821889671353,1.63055011428796,-1.61511089614946,-0.24578567823816,0.535071620403613,4,"Ramona",-0.230458482334306
"491",0.763821889671353,-2.4572251718274,-0.142725417842744,-0.650256662308708,0.842950749072981,3,"Ramona",-0.230458482334306
"492",-0.149847201784871,0.267958352249503,-0.142725417842744,0.158685305832389,9.48860594978613e-05,4,"Ramona",-0.230458482334306
"493",1.06837825349009,-1.43528135029856,-1.61511089614946,-0.24578567823816,-0.0281131079956974,1,"Ramona",-0.230458482334306
"494",1.98204734494632,0.543415114197439,-0.142725417842744,1.77656924211458,-0.0893388931260023,1,"Ramona",-0.230458482334306
"495",0.459265525852611,-0.413337528769723,-0.142725417842744,-0.24578567823816,0.84139612160889,3,"Ramona",-0.230458482334306
"496",-0.758959929422354,0.267958352249503,-0.142725417842744,-0.24578567823816,0.18167197841733,2,"Ramona",-0.230458482334306
"497",-0.149847201784871,0.267958352249503,-0.142725417842744,0.967627273973485,0.149180953764536,2,"Ramona",-0.230458482334306
"498",0.189214131541157,0.949254233268729,-1.61511089614946,-1.28740186858046,0.406238728123003,4,"Ramona",-0.230458482334306
"499",0.763821889671353,0.267958352249503,-1.61511089614946,0.0382664612444652,0.346797372771659,4,"Ramona",-0.230458482334306
"500",-0.454403565603613,0.267958352249503,-0.142725417842744,1.37209825804403,0.129504112565304,4,"Ramona",-0.230458482334306
"501",1.67749098112758,-0.0726895882601103,-0.142725417842744,0.158685305832389,1.29808052674655,3,"Ramona",-0.230458482334306
"502",-1.0635162932411,1.63055011428796,-1.61511089614946,0.967627273973485,0.410170563405614,2,"Ramona",-0.230458482334306
"503",1.37293461730884,-1.77592929080818,-1.61511089614946,1.77656924211458,0.17387524927206,1,"Ramona",-0.230458482334306
"504",-1.67262902087858,-0.0726895882601103,-0.142725417842744,-1.4591986304498,0.75931689388518,2,"Ramona",-0.230458482334306
"505",-1.0635162932411,-1.04669869214347,-0.142725417842744,-0.24578567823816,0.34579670422749,1,"Ramona",-0.230458482334306
"506",1.98204734494632,0.949254233268729,-0.142725417842744,0.967627273973485,0.316044584435962,2,"Ramona",-0.230458482334306
"507",-0.454403565603613,-0.753985469279336,-1.61511089614946,0.158685305832389,-0.0414499179120834,3,"Ramona",-0.230458482334306
"508",0.459265525852611,-0.0726895882601103,-0.142725417842744,-0.650256662308708,1.38683924678607,4,"Ramona",-0.230458482334306
"509",0.15470916203387,-0.0726895882601103,-1.61511089614946,-0.551019242875857,0.536266825234746,4,"Ramona",-0.230458482334306
"510",-0.454403565603613,-1.77592929080818,-1.61511089614946,0.158685305832389,0.550385759566514,1,"Ramona",-0.230458482334306
"511",1.98204734494632,-0.0726895882601103,-1.61511089614946,-0.650256662308708,0.139676034973898,2,"Ramona",-0.230458482334306
"512",-0.454403565603613,0.267958352249503,-0.142725417842744,-0.24578567823816,0.00559158638461749,4,"Ramona",-0.230458482334306
"513",0.459265525852611,0.267958352249503,1.32966006046397,0.158685305832389,-0.437555283516519,4,"Descanso",0.383419094884335
"514",0.763821889671353,0.608606292759116,1.32966006046397,0.158685305832389,-0.437555283516519,3,"Descanso",0.383419094884335
"515",-0.149847201784871,1.63055011428796,1.32966006046397,0.967627273973485,-0.437555283516519,3,"Descanso",0.383419094884335
"516",0.459265525852611,1.63055011428796,1.32966006046397,-0.24578567823816,3.04522101470959,2,"Campo",-0.807985604829423
"517",1.67749098112758,0.267958352249503,-0.142725417842744,0.563156289902937,2.9765861232137,1,"Campo",-0.807985604829423
"518",-0.149847201784871,0.608606292759116,-0.142725417842744,-0.163831897798701,3.15288781581332,4,"Campo",-0.807985604829423
"519",-1.0635162932411,1.28990217377834,-0.142725417842744,-0.24578567823816,2.7382306767919,4,"Campo",-0.807985604829423
"520",-0.149847201784871,-0.753985469279336,-0.142725417842744,0.563156289902937,2.96202868544074,0,"Campo",-0.807985604829423
"521",1.06837825349009,1.63055011428796,-0.142725417842744,1.77656924211458,2.90246851934784,2,"Campo",-0.807985604829423
"522",-0.149847201784871,-0.0726895882601103,-0.142725417842744,-1.4591986304498,2.86143874224397,1,"Campo",-0.807985604829423
"523",-1.36807265705984,1.28990217377834,-1.61511089614946,-0.650256662308708,1.97321202452784,4,"Campo",-0.807985604829423
"524",-0.758959929422354,0.267958352249503,-0.142725417842744,0.563156289902937,-0.409432118346432,3,"Descanso",0.383419094884335
"525",-1.67262902087858,1.28990217377834,-1.61511089614946,1.37209825804403,-0.3199369694571,3,"Descanso",0.383419094884335
"526",-0.454403565603613,0.267958352249503,-0.142725417842744,-0.650256662308708,-0.309910237404066,3,"Descanso",0.383419094884335
"527",-0.454403565603613,-0.0726895882601103,1.32966006046397,0.967627273973485,-0.372770172817487,1,"Descanso",0.383419094884335
"528",1.37293461730884,1.63055011428796,1.32966006046397,0.158685305832389,-0.437555283516519,3,"Descanso",0.383419094884335
"529",-0.149847201784871,0.949254233268729,-0.142725417842744,-1.05472764637926,-0.221790438981789,3,"Descanso",0.383419094884335
"530",-1.67262902087858,1.63055011428796,1.32966006046397,0.967627273973485,-0.22822540349795,3,"Descanso",0.383419094884335
"531",-0.758959929422354,-0.0726895882601103,-0.142725417842744,-0.24578567823816,0.594125460055698,2,"Pine Valley",-2.66894005314265
"532",0.763821889671353,0.267958352249503,-1.61511089614946,-0.650256662308708,0.601622565764274,4,"Pine Valley",-2.66894005314265
"533",1.98204734494632,0.267958352249503,-0.142725417842744,0.158685305832389,4.7531683327856,1,"Pine Valley",-2.66894005314265
"534",-1.67262902087858,-0.0726895882601103,-0.142725417842744,1.77656924211458,2.89009573048902,1,"Campo",-0.807985604829423
"535",1.37293461730884,-0.413337528769723,-0.142725417842744,1.77656924211458,2.82483157488867,1,"Campo",-0.807985604829423
"536",-1.36807265705984,0.267958352249503,-0.142725417842744,-0.24578567823816,2.81219080859663,3,"Campo",-0.807985604829423
"537",1.06837825349009,-2.3326581045573,-1.61511089614946,0.967627273973485,2.81552085431842,3,"Campo",-0.807985604829423
"538",-0.758959929422354,0.267958352249503,-0.142725417842744,-0.24578567823816,2.86456338145565,4,"Campo",-0.807985604829423
"539",1.98204734494632,0.267958352249503,-0.142725417842744,-1.05472764637926,2.90459353800836,0,"Campo",-0.807985604829423
"540",1.06837825349009,0.267958352249503,1.32966006046397,1.37209825804403,2.82732228388798,0,"Campo",-0.807985604829423
"541",0.615623694344296,0.985657363396624,-0.142725417842744,0.967627273973485,3.12321173308065,3,"Campo",-0.807985604829423
"542",0.15470916203387,0.608606292759116,-1.61511089614946,0.967627273973485,2.56772516923519,2,"Campo",-0.807985604829423
"543",0.763821889671353,-1.09463340978895,-0.142725417842744,0.563156289902937,-0.361972851894191,4,"Descanso",0.383419094884335
"544",1.06837825349009,0.267958352249503,-0.142725417842744,0.967627273973485,-0.332841327870248,1,"Descanso",0.383419094884335
"545",1.06837825349009,0.267958352249503,-0.142725417842744,0.563156289902937,-0.310853077038856,4,"Descanso",0.383419094884335
"546",-1.0635162932411,-0.0726895882601103,-0.142725417842744,1.37209825804403,-0.324978006623247,0,"Descanso",0.383419094884335
"547",-0.454403565603613,0.267958352249503,-0.142725417842744,0.158685305832389,-0.354517278397917,1,"Descanso",0.383419094884335
"548",0.763821889671353,-1.09463340978895,-0.142725417842744,0.158685305832389,0.593199072024073,1,"Pine Valley",-2.66894005314265
"549",-0.454403565603613,-0.0726895882601103,1.32966006046397,-1.4591986304498,0.593172931626975,2,"Pine Valley",-2.66894005314265
"550",1.06837825349009,-1.77592929080818,-1.61511089614946,-1.4591986304498,4.97062425253895,2,"Pine Valley",-2.66894005314265
"551",0.15470916203387,-0.0726895882601103,-1.61511089614946,-1.05472764637926,2.86263852801762,4,"Campo",-0.807985604829423
"552",1.98204734494632,-0.753985469279336,-0.142725417842744,1.77656924211458,2.85672025334256,0,"Campo",-0.807985604829423
"553",0.459265525852611,-1.09463340978895,-1.61511089614946,-1.05472764637926,2.89153373391039,1,"Campo",-0.807985604829423
"554",-1.36807265705984,1.63055011428796,-1.61511089614946,-2.2681405985909,2.79005575703849,2,"Campo",-0.807985604829423
"555",-1.67262902087858,-0.0726895882601103,-0.142725417842744,1.37209825804403,3.04657855466031,2,"Campo",-0.807985604829423
"556",0.763821889671353,0.267958352249503,-0.142725417842744,0.158685305832389,-0.0926958052595366,3,"Descanso",0.383419094884335
"557",0.15470916203387,1.63055011428796,-0.142725417842744,0.261957247783922,-0.313472416657702,4,"Descanso",0.383419094884335
"558",1.98204734494632,-1.77592929080818,-0.142725417842744,-0.24578567823816,-0.329503144080719,0,"Descanso",0.383419094884335
"559",-0.454403565603613,0.267958352249503,-0.142725417842744,-0.24578567823816,-0.332875919450211,4,"Descanso",0.383419094884335
"560",1.67749098112758,-1.43528135029856,-0.142725417842744,-1.4591986304498,0.592328113969885,1,"Pine Valley",-2.66894005314265
"561",-0.454403565603613,-0.0726895882601103,-1.61511089614946,0.158685305832389,4.40545475434341,1,"Boulevard",-6.65669958524242
"562",0.459265525852611,-0.0726895882601103,-0.142725417842744,-0.24578567823816,2.91300593863835,3,"Campo",-0.807985604829423
"563",0.459265525852611,0.949254233268729,-0.142725417842744,-1.4591986304498,2.80438405474685,1,"Campo",-0.807985604829423
"564",-1.0635162932411,0.949254233268729,-1.61511089614946,0.563156289902937,2.78396253409276,2,"Campo",-0.807985604829423
"565",2.89571643640254,-1.09463340978895,-0.142725417842744,0.158685305832389,2.88903620707914,1,"Campo",-0.807985604829423
"566",0.15470916203387,0.267958352249503,-1.61511089614946,-0.24578567823816,2.91472402595878,4,"Campo",-0.807985604829423
"567",-1.36807265705984,-0.413337528769723,-0.142725417842744,-2.2681405985909,1.85345772769442,0,"Campo",-0.807985604829423
"568",0.763821889671353,0.267958352249503,1.32966006046397,-0.24578567823816,-0.285908719202764,2,"Descanso",0.383419094884335
"569",0.763821889671353,0.267958352249503,-0.142725417842744,-0.650256662308708,-0.217103792012077,3,"Descanso",0.383419094884335
"570",-0.454403565603613,-1.77592929080818,-0.142725417842744,1.37209825804403,-0.293542689723716,0,"Descanso",0.383419094884335
"571",-1.36807265705984,-0.0726895882601103,1.32966006046397,-1.86366961452035,-0.389136221903654,4,"Descanso",0.383419094884335
"572",-0.454403565603613,-1.43528135029856,-0.142725417842744,0.158685305832389,0.591401788219548,0,"Pine Valley",-2.66894005314265
"573",-0.149847201784871,-0.0726895882601103,-1.61511089614946,-0.24578567823816,4.97658753109882,3,"Pine Valley",-2.66894005314265
"574",-0.758959929422354,1.63055011428796,-1.61511089614946,1.37209825804403,4.00306713173035,2,"Pine Valley",-2.66894005314265
"575",0.15470916203387,-0.753985469279336,-1.61511089614946,-1.4591986304498,4.98659906324623,0,"Boulevard",-6.65669958524242
"576",0.15470916203387,0.267958352249503,-1.61511089614946,-0.650256662308708,5.70041197336417,1,"Boulevard",-6.65669958524242
"577",0.459265525852611,-0.413337528769723,-1.61511089614946,-0.650256662308708,5.58284433403797,2,"Boulevard",-6.65669958524242
"578",-1.0635162932411,0.267958352249503,-1.61511089614946,-0.24578567823816,2.9018908262998,4,"Campo",-0.807985604829423
"579",-0.778361018694573,0.267958352249503,-0.142725417842744,0.563156289902937,2.87208245665587,0,"Campo",-0.807985604829423
"580",1.98204734494632,1.63055011428796,-0.142725417842744,1.77656924211458,3.0210142703803,4,"Campo",-0.807985604829423
"581",-0.454403565603613,0.267958352249503,-0.142725417842744,-0.650256662308708,2.76986767601266,4,"Campo",-0.807985604829423
"582",1.37293461730884,0.267958352249503,-0.142725417842744,1.37209825804403,-0.272998847692538,2,"Descanso",0.383419094884335
"583",-0.454403565603613,-0.753985469279336,-0.142725417842744,-1.86366961452035,-0.31810554490948,2,"Descanso",0.383419094884335
"584",0.15470916203387,1.63055011428796,-0.142725417842744,0.967627273973485,-0.285336561081012,3,"Descanso",0.383419094884335
"585",-0.454403565603613,0.267958352249503,-0.142725417842744,-0.260648524043792,-0.109248570195034,4,"Descanso",0.383419094884335
"586",1.67749098112758,-3.13852105284663,-0.142725417842744,0.563156289902937,-0.206953846253531,0,"Descanso",0.383419094884335
"587",1.37293461730884,-0.753985469279336,-0.142725417842744,0.563156289902937,-0.185813091198968,2,"Descanso",0.383419094884335
"588",0.763821889671353,-2.79787311233701,-0.142725417842744,1.77656924211458,-0.129193294045791,2,"Descanso",0.383419094884335
"589",-1.67262902087858,1.63055011428796,1.32966006046397,1.77656924211458,0.590420101109673,2,"Pine Valley",-2.66894005314265
"590",0.15470916203387,-0.0726895882601103,-0.142725417842744,-0.650256662308708,2.93780481252391,1,"Campo",-0.807985604829423
"591",0.763821889671353,-0.0726895882601103,-0.142725417842744,0.563156289902937,2.90831486518402,3,"Campo",-0.807985604829423
"592",-0.454403565603613,1.63055011428796,-1.61511089614946,1.77656924211458,2.8929870564183,1,"Campo",-0.807985604829423
"593",-1.0635162932411,1.28990217377834,-1.61511089614946,0.563156289902937,3.06595307604582,3,"Campo",-0.807985604829423
"594",-0.454403565603613,1.63055011428796,-0.142725417842744,0.158685305832389,3.01533066847625,4,"Campo",-0.807985604829423
"595",1.06837825349009,0.267958352249503,-0.142725417842744,0.158685305832389,2.46492010784036,2,"Campo",-0.807985604829423
"596",0.728482943848422,1.63055011428796,-1.61511089614946,-0.278521173066978,1.81125168523001,4,"Campo",-0.807985604829423
"597",0.763821889671353,-0.753985469279336,1.32966006046397,0.158685305832389,2.70672141831991,3,"Campo",-0.807985604829423
"598",0.15470916203387,0.608606292759116,-0.142725417842744,1.77656924211458,-0.326035794673164,1,"Descanso",0.383419094884335
"599",-0.149847201784871,-0.413337528769723,-0.142725417842744,0.967627273973485,-0.243906045876705,3,"Descanso",0.383419094884335
"600",-0.149847201784871,0.608606292759116,1.32966006046397,0.563156289902937,-0.349967608533846,1,"Descanso",0.383419094884335
"601",-0.454403565603613,-0.0726895882601103,-0.142725417842744,-1.4591986304498,-0.356445724698835,1,"Descanso",0.383419094884335
"602",0.15470916203387,-0.413337528769723,-0.142725417842744,-1.05472764637926,-0.372693046127671,4,"Descanso",0.383419094884335
"603",1.06837825349009,1.63055011428796,-1.61511089614946,0.158685305832389,-0.437555283516519,4,"Descanso",0.383419094884335
"604",-1.67262902087858,1.63055011428796,-0.142725417842744,0.158685305832389,-0.428378412676366,1,"Julian",-0.511311707272244
"605",-1.67262902087858,-2.00176951566711,-0.142725417842744,-2.2681405985909,-0.437555283516519,2,"Julian",-0.511311707272244
"606",0.459265525852611,0.262491542978863,1.32966006046397,0.967627273973485,-0.430404967164621,4,"Julian",-0.511311707272244
"607",-0.758959929422354,1.28990217377834,1.32966006046397,1.37209825804403,-0.413492535604978,2,"Julian",-0.511311707272244
"608",2.28660370876506,1.63055011428796,1.32966006046397,0.967627273973485,-0.423977194557872,3,"Julian",-0.511311707272244
"609",-1.0635162932411,-0.0726895882601103,1.32966006046397,-0.24578567823816,-0.410154692733766,3,"Julian",-0.511311707272244
"610",-0.454403565603613,-0.413337528769723,-1.61511089614946,-0.24578567823816,-0.162603674379869,1,"Julian",-0.511311707272244
"611",-0.758959929422354,0.267958352249503,-1.61511089614946,0.563156289902937,-0.343402520569331,1,"Julian",-0.511311707272244
"612",-1.36387590880547,1.63055011428796,-0.142725417842744,1.37209825804403,-0.354927482636163,4,"Julian",-0.511311707272244
"613",2.89571643640254,-1.09463340978895,-0.142725417842744,1.37209825804403,2.48821947405438,1,"Santa Ysabel",-3.11202444559818
"614",0.15470916203387,0.267958352249503,1.32966006046397,0.158685305832389,-0.391053259828598,2,"Santa Ysabel",-3.11202444559818
"615",-0.904882533903159,-0.933091475789798,-0.142725417842744,-1.05472764637926,-0.388474460359162,3,"Santa Ysabel",-3.11202444559818
"616",-0.758959929422354,0.267958352249503,-0.142725417842744,1.37209825804403,-0.409121291702325,4,"Santa Ysabel",-3.11202444559818
"617",1.98204734494632,-1.09463340978895,-1.61511089614946,-0.650256662308708,2.92206384027695,1,"Julian",-0.511311707272244
"618",0.15470916203387,-1.77592929080818,1.32966006046397,-0.24578567823816,-0.409457824774889,0,"Julian",-0.511311707272244
"619",2.5911600725838,-0.413337528769723,1.32966006046397,-0.24578567823816,-0.427666761888388,0,"Julian",-0.511311707272244
"620",2.28660370876506,-0.753985469279336,1.32966006046397,-2.67261158266145,-0.436559359274493,3,"Julian",-0.511311707272244
"621",2.5911600725838,0.267958352249503,1.32966006046397,-0.650256662308708,-0.429420759343643,4,"Julian",-0.511311707272244
"622",0.763821889671353,0.949254233268729,1.32966006046397,-0.24578567823816,-0.437555283516519,2,"Julian",-0.511311707272244
"623",1.06837825349009,-2.4572251718274,1.32966006046397,-0.24578567823816,-0.40178428183379,0,"Santa Ysabel",-3.11202444559818
"624",1.67749098112758,0.267958352249503,-1.61511089614946,-1.05472764637926,2.8139703337398,4,"Julian",-0.511311707272244
"625",2.89571643640254,1.63055011428796,1.32966006046397,1.77656924211458,-0.431611631782992,4,"Julian",-0.511311707272244
"626",1.06837825349009,-0.753985469279336,1.32966006046397,1.37209825804403,-0.437233105741141,3,"Julian",-0.511311707272244
"627",-1.0635162932411,0.267958352249503,1.32966006046397,-1.4591986304498,-0.412777576635977,2,"Santa Ysabel",-3.11202444559818
"628",1.37293461730884,0.949254233268729,1.32966006046397,-0.24578567823816,-0.430406852542779,4,"Julian",-0.511311707272244
"629",-0.149847201784871,-1.43528135029856,1.32966006046397,1.77656924211458,-0.425004562614114,0,"Julian",-0.511311707272244
"630",0.459265525852611,-1.77592929080818,1.32966006046397,0.563156289902937,-0.397620965113476,2,"Julian",-0.511311707272244
"631",1.67749098112758,0.608606292759116,1.32966006046397,1.77656924211458,-0.135420119460123,2,"Julian",-0.511311707272244
"632",-0.454403565603613,-0.0726895882601103,1.32966006046397,-1.05472764637926,-0.308053269933207,1,"Santa Ysabel",-3.11202444559818
"633",-1.0635162932411,0.267958352249503,-0.142725417842744,1.77656924211458,-0.368362867105705,2,"Santa Ysabel",-3.11202444559818
"634",-1.67262902087858,-0.753985469279336,-0.142725417842744,-1.4591986304498,-0.393156892342647,1,"Santa Ysabel",-3.11202444559818
"635",-0.454403565603613,0.267958352249503,1.32966006046397,-0.24578567823816,-0.367568126569171,1,"Santa Ysabel",-3.11202444559818
"636",2.5911600725838,-2.79787311233701,1.32966006046397,-1.4591986304498,-0.413923305312741,2,"Julian",-0.511311707272244
"637",-0.454403565603613,0.267958352249503,-0.142725417842744,-0.650256662308708,-0.411738101482641,2,"Santa Ysabel",-3.11202444559818
