 0.26596305E+01  0.34576945E+01  0.40672841E+01  0.23573658E+01  0.36754887E+01  0.28004010E+01  0.32701850E+01  0.40590219E+01  0.36843476E+01  0.36107993E+01
 0.38592174E+01  0.38155586E+00 -0.14969729E+00 -0.13664761E+00  0.32416198E+00  0.22904032E+00  0.13009691E-04 -0.92602134E+00 -0.14990114E+01  0.20293131E+01
 0.10041121E+01  0.86927396E+00  0.14398692E+01  0.20660136E+01  0.17043691E+01 -0.99128366E-01  0.13225653E+01 -0.12205730E+00  0.85418898E+00  0.21392566E+00
 0.16981965E+00  0.51567006E+00  0.13248186E+01 -0.65314561E+00  0.11204264E+01  0.31394833E+00  0.36776632E+00  0.28913429E+00  0.59325147E+00  0.65363497E+00
 0.45856094E+00  0.19140612E+00  0.43164265E+00  0.26717079E+00  0.33709890E+00  0.14391353E+01
 0.49148865E-01  0.45242604E-01  0.35319727E-01  0.44275720E-01  0.79446152E-01  0.85230693E-01  0.75726353E-01  0.31527679E-01  0.35297692E-01  0.39868180E-01
 0.36407113E-01  0.56274283E+00  0.49862552E-01  0.80869243E-01  0.73248491E-01  0.83661042E-01  0.10216708E-04  0.11239812E+00  0.20555994E+00  0.23823331E+00
 0.79743296E-01  0.69289729E-01  0.95583789E-01  0.16485840E+00  0.13936900E+00  0.12190110E+00  0.16124134E+00  0.74617885E-01  0.23704900E+00  0.49977649E-01
 0.26049331E-01  0.55276260E-01  0.78006819E-01  0.57608236E-01  0.66741295E-01  0.49825385E-01  0.88547990E-01  0.40576123E-01  0.50843354E-01  0.45971345E-01
 0.27970081E-01  0.22517342E-01  0.29085139E-01  0.34452412E-01  0.28748402E-01  0.84335595E-01
 0.21440656E+01  0.30280936E+01  0.45626531E+01  0.21095591E+01  0.40014620E+01  0.26086705E+01  0.31574373E+01  0.51010513E+01  0.41356578E+01  0.35884528E+01
 0.41999421E+01  0.28500882E+00 -0.16569383E+00 -0.84869847E-01  0.20075080E+00  0.12564442E+00  0.58732133E-01 -0.37508968E+00 -0.77776659E+00  0.83993405E+00
 0.69656444E+00  0.62502754E+00  0.67537659E+00  0.85797781E+00  0.77508032E+00 -0.34247555E-01  0.41281578E+00 -0.67895979E-01  0.13080786E+00  0.10000000E+01
 0.97254556E+00  0.92984754E+00  0.86097389E+00 -0.53609300E+00  0.85930771E+00  0.39507911E+00  0.29451084E+00  0.34269428E+00  0.51479799E+00  0.60934055E+00
 0.72422522E+00  0.43022445E+00  0.54386652E+00  0.26387408E+00  0.39925048E+00  0.80297494E+00
 0.71959659E-01  0.93633071E-01  0.13382961E+00  0.71154632E-01  0.15531871E+00  0.11804248E+00  0.12515476E+00  0.14830472E+00  0.12245418E+00  0.10806197E+00
 0.12415970E+00  0.42152318E+00  0.48993658E-01  0.49177054E-01  0.44636317E-01  0.45548663E-01  0.46348196E-01  0.41174322E-01  0.40832341E-01  0.42678900E-01
 0.31503703E-01  0.31870414E-01  0.26294969E-01  0.20695150E-01  0.22900088E-01  0.41836314E-01  0.37448842E-01  0.41347403E-01  0.36135994E-01  0.10000000E-09
 0.16235895E-01  0.23219658E-01  0.29828440E-01  0.29040266E-01  0.30888127E-01  0.63516058E-01  0.71694925E-01  0.49299348E-01  0.43888718E-01  0.39839774E-01
 0.34826301E-01  0.35799719E-01  0.35518013E-01  0.35511959E-01  0.35498817E-01  0.31605035E-01
 0.21310007E+03  0.92000000E+02  0.13227086E-10  0.95066964E+00  0.93887325E+00 -0.98168823E+04 -0.97103323E+04  0.46000000E+02  0.19725765E+05  0.19930776E+05
 0.19784730E+05  0.45457815E-01  0.37493081E-01  0.53468043E-01  0.81891547E+00  0.51916503E-01
