 0.24156111E-02   -0.13363349E-02    0.20468931E-02   -0.50341758E-03    0.46617540E-03
 0.12474832E-02    0.68151043E-03   -0.63109319E-03   -0.10215919E-02    0.19603392E-02
-0.45890786E-04    0.42495846E-04    0.68790811E-04   -0.93126775E-04    0.63116906E-02
-0.46079492E-04    0.42670592E-04    0.69073684E-04   -0.93509719E-04    0.58097403E-02
 0.72642706E-02   -0.39891665E-04    0.36940532E-04    0.59798060E-04   -0.80952680E-04
 0.50059326E-02    0.52123328E-02    0.57344802E-02   -0.50273297E-04    0.46554144E-04
 0.75360244E-04   -0.10202026E-03    0.68697261E-05    0.68979749E-05    0.59716739E-05
 0.99399454E-03   -0.72386968E-04    0.67031875E-04    0.10850889E-03   -0.14689583E-03
 0.98915065E-05    0.99321811E-05    0.85984289E-05    0.69517552E-03    0.12459271E-02
-0.10386531E-03    0.96181493E-04    0.15569529E-03   -0.21077524E-03    0.14192947E-04
 0.14251310E-04    0.12337559E-04    0.56633281E-03    0.81544513E-03    0.15894716E-02
-0.85684255E-04    0.79345446E-04    0.12844167E-03   -0.17388018E-03    0.11708549E-04
 0.11756695E-04    0.10177937E-04    0.46719933E-03    0.67270590E-03    0.96524015E-03
 0.13254777E-02   -0.94178998E-04    0.87211759E-04    0.14117539E-03   -0.19111868E-03
-0.78126555E-03   -0.85950135E-03   -0.75583733E-03    0.36668480E-03    0.52797813E-03
 0.75757577E-03    0.62496626E-03    0.31667948E+00   -0.45984111E-11    0.22542520E-11
 0.28021501E-11   -0.45285701E-11    0.13373078E-04    0.16596124E-04    0.14686466E-04
-0.24412977E-11   -0.37412610E-11   -0.51206228E-11   -0.45456804E-11   -0.97388826E-04
 0.24862742E-02   -0.68803793E-12    0.70459341E-13   -0.18451667E-11    0.27255911E-11
 0.44076987E-03    0.23864409E-03    0.29451739E-03   -0.29191377E-12   -0.42031219E-12
-0.59437464E-12   -0.49943906E-12   -0.83254747E-04    0.27635707E-03    0.65398343E-02
-0.44128663E-13    0.61017621E-13    0.76295105E-13   -0.91726815E-13   -0.95091226E-03
-0.86942816E-03   -0.68804106E-03    0.14363245E-13    0.20681438E-13    0.29120847E-13
 0.25063610E-13    0.14657678E-03   -0.28011970E-05   -0.20833146E-03    0.53653418E-02
-0.59031408E-13    0.89651761E-13    0.12367326E-12   -0.13395612E-12   -0.54369606E-02
-0.53636377E-02   -0.46286965E-02    0.23676580E-13    0.34088845E-13    0.48155295E-13
 0.39828535E-13    0.64344894E-03   -0.16239825E-04   -0.32720761E-03   -0.10637651E-02
 0.69991700E-02   -0.23087847E-16    0.14639915E-16    0.29115495E-16   -0.44260888E-16
-0.31744358E-06   -0.33887637E-06   -0.29875859E-06    0.52500497E-17    0.75593626E-17
 0.10817601E-16    0.89576542E-17    0.97396981E-07    0.18950339E-09   -0.80601590E-07
 0.86053845E-07    0.17418478E-06    0.10438112E-09   -0.81454581E-11   -0.85441374E-11
-0.78186020E-12   -0.18303831E-11    0.21287416E-04    0.36620775E-04    0.26574802E-04
-0.91612307E-12   -0.13190268E-11   -0.18004764E-11   -0.15467661E-11   -0.48498694E-04
 0.16468146E-02    0.37689814E-03   -0.17978814E-04   -0.31211938E-04    0.60126348E-08
 0.12633338E-01   -0.27773265E-10    0.86652005E-11   -0.23067199E-11   -0.65367056E-11
 0.48714659E-04    0.73339910E-04    0.56868563E-04   -0.98361707E-12   -0.14161821E-11
-0.19218940E-11   -0.16283733E-11   -0.53506294E-04    0.41006073E-02    0.19087982E-02
-0.21246509E-04   -0.74397692E-04    0.11162810E-07    0.13802161E-01    0.42254891E-01
 0.35398412E-10   -0.21762883E-10   -0.74206774E-11    0.36535013E-11    0.18559626E-04
 0.24595741E-04    0.19244942E-04   -0.16994975E-11   -0.24469866E-11   -0.34066773E-11
-0.28992859E-11   -0.17971200E-03   -0.28393967E-02   -0.34517402E-02   -0.13457961E-04
-0.24274457E-04    0.32047438E-08   -0.79177372E-02   -0.33257550E-01    0.56755108E-01
 0.66697122E-13   -0.47687218E-14   -0.56716352E-13    0.11178761E-12    0.24057665E-03
-0.16652059E-02   -0.61968545E-03    0.14534625E-13    0.20929161E-13    0.35567031E-13
 0.22463514E-13    0.25019872E-03   -0.10565313E-04    0.68012443E-03   -0.28478601E-03
-0.31908858E-03    0.67124048E-07   -0.50844095E-04   -0.81455988E-04   -0.19875638E-04
 0.63589932E-02    0.36743176E-13   -0.38556969E-14   -0.29399583E-13    0.60267894E-13
 0.28711327E-03   -0.54051856E-03   -0.11900405E-02    0.73211211E-14    0.10539976E-13
 0.16921995E-13    0.11269741E-13    0.25580265E-03   -0.10210284E-04    0.29558477E-03
-0.46209833E-03   -0.32519694E-03    0.76080799E-07   -0.26913754E-04   -0.48430778E-04
-0.10376846E-04    0.27640502E-02    0.48010661E-02   -0.21061006E-12    0.14486463E-12
 0.28836392E-12   -0.42501961E-12    0.11593883E-05    0.93632008E-06    0.12906357E-05
 0.13838381E-11   -0.68746642E-12   -0.32699347E-12   -0.26772266E-12    0.40234176E-05
 0.90266760E-03    0.34502466E-05    0.15162104E-06   -0.15023637E-05   -0.16054568E-10
 0.44751601E-04    0.62061446E-04    0.42819795E-04    0.75982142E-06   -0.94315658E-06
 0.91362604E-02   -0.10490287E-11    0.74203140E-12    0.14549257E-11   -0.21289220E-11
 0.28014677E-05    0.46165267E-06    0.22002400E-05    0.20030272E-11   -0.23940165E-12
 0.61189021E-13   -0.16581032E-11   -0.76793143E-03    0.21832818E-02    0.16243130E-04
-0.27492501E-06   -0.33427448E-05   -0.57603862E-10    0.20463837E-03    0.27507218E-03
 0.20957526E-03    0.78415901E-05    0.78372360E-06    0.10638517E-01    0.27178294E-01
-0.20250240E-12    0.75659975E-13    0.21497386E-12   -0.37665602E-12    0.18224589E-05
 0.23897892E-05    0.23830891E-05    0.25010505E-11    0.10244369E-11    0.85617448E-13
 0.36156073E-12    0.28468991E-03    0.14274335E-02    0.25439347E-05    0.10702290E-05
-0.27228204E-05   -0.70754955E-11    0.99790809E-04    0.18456155E-03    0.69316125E-04
-0.18670274E-05   -0.26642038E-05    0.87755775E-02    0.17654769E-01    0.19423715E-01
 0.10673110E-10   -0.11719093E-10   -0.19159115E-10    0.24879044E-10    0.79654014E-05
-0.11611614E-04   -0.22534971E-05    0.71343701E-12    0.10270667E-11    0.10507186E-11
 0.13306030E-11   -0.29677942E-02   -0.34749523E-04    0.22646143E-03   -0.11389081E-05
-0.15562210E-04    0.31506902E-08    0.15441800E-02    0.38362769E-02   -0.12548468E-02
 0.65397651E-04    0.30606903E-04   -0.12000626E-03   -0.67198419E-03   -0.63692046E-05
 0.14859879E-01    0.83498422E-13   -0.43833368E-12   -0.36538874E-12    0.19359499E-12
 0.62833420E-05    0.17663638E-05    0.65745466E-05    0.14304043E-10    0.18596778E-10
 0.25672374E-10    0.21668451E-10    0.38345294E-02    0.11805057E-02   -0.23129234E-04
 0.51691497E-05   -0.14972930E-04    0.26511206E-08    0.32205623E-03    0.55953199E-03
 0.35060358E-03    0.15150075E-04   -0.37104718E-05    0.70290689E-02    0.14005464E-01
 0.12169445E-01    0.28708525E-02    0.25998767E-01   -0.32954139E-13    0.50674429E-13
 0.68414569E-13   -0.84933785E-13   -0.21408311E-04   -0.30019620E-05   -0.23331714E-04
-0.84882889E-12   -0.12222333E-11   -0.17374262E-11   -0.14396724E-11    0.30424404E-03
-0.14013196E-05    0.55962879E-04    0.30324944E-04    0.12926958E-04    0.12499124E-08
-0.17982973E-04   -0.30957893E-04    0.96229597E-05   -0.61677883E-04    0.15747736E-04
-0.19519065E-04    0.53448372E-05   -0.19933944E-05    0.51303659E-03   -0.12091578E-02
 0.55678289E-02    0.13518239E-11   -0.12761208E-11   -0.20235570E-11    0.27098288E-11
 0.36492673E-04    0.69732291E-04    0.69184508E-04   -0.13493865E-11   -0.19429424E-11
-0.25296100E-11   -0.24063577E-11   -0.13269289E+00    0.40653337E-04    0.53575847E-05
-0.16740402E-04    0.68880578E-05   -0.24949715E-07    0.21681113E-04    0.24027272E-04
 0.73785977E-04   -0.11035210E-03   -0.12493525E-03    0.71348503E-06    0.32377810E-03
-0.12017811E-03    0.11890324E-02   -0.14679004E-02   -0.83320137E-03    0.56192225E-01
-0.88193268E-11    0.45635910E-11    0.26581966E-11   -0.41149778E-11    0.51411298E-05
 0.80654839E-05    0.62492475E-05    0.19211959E-12    0.27663476E-12    0.40316203E-12
 0.33417187E-12    0.90679224E-05    0.89184032E-03    0.63942790E-03   -0.18104174E-05
-0.80950213E-05    0.12173917E-08    0.28117180E-02    0.90713581E-02   -0.10244170E-01
-0.96820789E-05   -0.59368735E-05    0.48744248E-05    0.19852822E-04    0.19247543E-04
 0.68333288E-03    0.46381658E-04   -0.47417270E-05   -0.34972049E-05    0.24977652E-02
 0.67354037E-13   -0.83769721E-13   -0.11050689E-12    0.13285742E-12    0.36195113E-06
 0.63196263E-06    0.41520487E-06   -0.10077701E-11   -0.93756423E-12   -0.12165540E-11
-0.96815721E-12    0.25075983E-04   -0.25854600E-03    0.19118997E-05   -0.20524205E-06
-0.36046626E-06   -0.99283327E-11    0.19089384E-04    0.24166996E-04    0.26303095E-04
-0.89551188E-06   -0.33539680E-06   -0.17427393E-02   -0.36467853E-02   -0.29775685E-02
 0.27581848E-04   -0.23431633E-02    0.72824872E-06   -0.10710447E-04    0.13774975E-05
 0.67856761E-03   -0.15435043E-13    0.18315366E-13    0.28478843E-13   -0.34585031E-13
-0.13022015E-03    0.73584819E-03    0.53592275E-03   -0.12100054E-13   -0.17422258E-13
-0.27462131E-13   -0.19714583E-13   -0.20690649E-03    0.63379101E-05   -0.24849144E-03
 0.19741366E-03    0.18088043E-03   -0.49799553E-07   -0.35881657E-05   -0.13239475E-04
-0.27886850E-06   -0.28900825E-02   -0.21647834E-02    0.15239053E-06   -0.29630260E-05
 0.11092247E-05   -0.32229320E-04   -0.64505081E-05    0.89928531E-04    0.82778446E-04
-0.12063048E-05    0.54725406E-06    0.30554648E-02   -0.39613558E-11    0.25067819E-11
 0.53199082E-14    0.50919504E-12   -0.51411309E-05   -0.80654834E-05   -0.62492477E-05
 0.73869815E-13    0.10635518E-12    0.14637570E-12    0.11917227E-12   -0.90679227E-05
-0.26916599E-03   -0.71034486E-04    0.18104181E-05    0.80950216E-05   -0.12173910E-08
-0.10105727E-02   -0.28361354E-02    0.18031276E-02    0.96820733E-05    0.59368708E-05
-0.48744215E-05   -0.19852811E-04   -0.19247536E-04   -0.27100280E-03   -0.46381644E-04
 0.47417260E-05    0.34972054E-05   -0.57440693E-03   -0.13774974E-05    0.12063060E-05
 0.60850642E-02    0.26322364E-11   -0.24156172E-11    0.24489826E-12   -0.19173297E-12
 0.20687205E-06   -0.36531359E-06    0.10190448E-06    0.13582244E-12    0.19555856E-12
 0.26665583E-12    0.23458980E-12    0.18772204E-04    0.31770832E-04    0.10821235E-03
 0.21696440E-05   -0.81912828E-06   -0.15892667E-09   -0.12341514E-03    0.10236541E-02
-0.18034712E-02    0.19110489E-05    0.25987285E-06   -0.50596967E-05   -0.25393269E-04
-0.35241839E-05    0.98869460E-05   -0.25945697E-04   -0.54392027E-06   -0.78766329E-05
 0.31572561E-03   -0.28081170E-05   -0.34946413E-06   -0.30325213E-02    0.33187089E-02
-0.17734929E-11    0.20587190E-11   -0.45812392E-12   -0.81544998E-13    0.40254635E-05
 0.75928533E-05    0.51700952E-05   -0.31489345E-12   -0.45338401E-12   -0.61937739E-12
-0.53666239E-12   -0.26991039E-04    0.17197306E-03   -0.13950072E-03   -0.55707348E-05
-0.54245458E-05    0.13382706E-08    0.10951519E-02    0.53617896E-03    0.17938958E-02
-0.11841872E-04   -0.55722542E-05    0.13550666E-04    0.64053511E-04    0.23031999E-04
 0.21407805E-03    0.87825514E-04   -0.30587399E-05    0.11588952E-04   -0.92174443E-04
 0.63819778E-05   -0.38720361E-06    0.14315753E-02   -0.26172866E-02    0.44544003E-02
-0.68087690E-12   -0.22100544E-11   -0.79719335E-12   -0.39600988E-12    0.19691042E-04
 0.28913419E-04    0.22430602E-04   -0.66050119E-12   -0.95098981E-12   -0.13079032E-11
-0.11100265E-11   -0.54692416E-04    0.62594434E-03   -0.21260163E-03   -0.95584617E-05
-0.29525459E-04    0.44237908E-08    0.25340417E-02    0.52390932E-02    0.16891476E-02
-0.30486152E-04   -0.17720910E-04    0.28850353E-04    0.13180865E-03    0.75119381E-04
 0.92493854E-03    0.25463686E-03   -0.92001413E-05    0.23268329E-04    0.52825428E-03
 0.12404314E-04   -0.57805811E-05   -0.52825417E-03   -0.52921893E-04    0.55099973E-03
 0.24825691E-02    0.12366831E-11    0.41282959E-11    0.20136436E-11    0.12674616E-11
-0.37286035E-04   -0.54569675E-04   -0.42444410E-04    0.13352661E-11    0.19225182E-11
 0.26422413E-11    0.22504320E-11    0.11869120E-03   -0.12074082E-02    0.36371817E-03
 0.19140299E-04    0.54412361E-04   -0.77958555E-08   -0.47044391E-02   -0.84811887E-02
-0.47474491E-02    0.57128792E-04    0.33458346E-04   -0.57251468E-04   -0.26371866E-03
-0.13944686E-03   -0.17245276E-02   -0.49541440E-03    0.11171882E-04   -0.49662372E-04
-0.79991690E-03   -0.28510200E-04    0.52098241E-05    0.79991671E-03    0.26566025E-03
-0.11779551E-02   -0.36420029E-02    0.78407459E-02    0.46855892E-13   -0.12746115E-13
-0.46097302E-13    0.81803300E-13    0.20947794E-04   -0.60520909E-03   -0.42972354E-03
 0.59987118E-14    0.86373134E-14    0.15107094E-13    0.90087680E-14    0.18670319E-03
-0.71193170E-05    0.27454401E-03   -0.79877252E-04   -0.99844523E-04    0.55965195E-07
-0.27336764E-04   -0.45435989E-04   -0.10561933E-04    0.20884907E-02    0.14938350E-02
-0.32660827E-07    0.32903657E-05   -0.14816378E-05    0.30944097E-04    0.43751766E-05
 0.18325071E-04   -0.82321737E-04   -0.54645349E-05   -0.44876020E-06   -0.13456909E-02
 0.54645324E-05    0.78776114E-06   -0.61448884E-05   -0.16861551E-04    0.31673903E-04
 0.16464217E-02   -0.69479096E-13    0.31898708E-13    0.80411496E-13   -0.12820267E-12
 0.28224135E-04    0.67949064E-03    0.25537737E-03   -0.37264287E-14   -0.53669548E-14
-0.11117399E-13   -0.50107028E-14   -0.89798296E-04    0.45630033E-05   -0.35392921E-03
-0.60758680E-04    0.44292198E-04   -0.30074537E-07    0.28939833E-04    0.44709748E-04
 0.11438373E-04   -0.21715558E-02   -0.76984999E-03   -0.87730224E-06   -0.53966982E-05
 0.58093686E-06   -0.41475806E-04   -0.12424702E-04   -0.24699433E-04    0.39631615E-04
 0.52499039E-05    0.54270345E-06    0.91093565E-03   -0.52499009E-05   -0.13294520E-05
 0.69640731E-05    0.16878057E-04   -0.31550993E-04   -0.92554130E-03    0.25850466E-02
 0.13619824E-13   -0.18481211E-13   -0.26879319E-13    0.31355499E-13   -0.54697590E-04
 0.62686434E-04    0.28523630E-03   -0.45406932E-14   -0.65366154E-14   -0.90588610E-14
-0.74950070E-14   -0.10501462E-03    0.44431655E-05    0.16824662E-04    0.16183814E-03
 0.80294715E-04   -0.39828240E-07    0.52356538E-05    0.12259621E-04    0.20020407E-05
-0.39222024E-03   -0.11098171E-02    0.88268238E-06    0.17323428E-05    0.14435120E-05
-0.60628070E-05    0.68756972E-05   -0.85030303E-04    0.57988373E-04    0.15823524E-05
-0.16431995E-07    0.35830633E-03   -0.15823523E-05    0.34525129E-06    0.71747145E-06
 0.43071556E-05   -0.82545645E-05   -0.39138059E-03    0.41259411E-04    0.21133647E-02
-0.91904548E-13    0.58900290E-13    0.12198083E-12   -0.18390084E-12    0.37936115E-06
 0.25024721E-06    0.38539542E-06   -0.58308279E-12   -0.30849372E-12    0.64697488E-13
-0.26932450E-14   -0.31516770E-04    0.10245845E-03    0.14591507E-05    0.66400625E-07
-0.49826135E-06   -0.52151891E-11    0.23377521E-04    0.35186859E-04    0.21403163E-04
 0.43579123E-06   -0.18551227E-06    0.32835125E-03    0.81162898E-03    0.61469316E-03
-0.45120491E-04    0.51356736E-03   -0.71174141E-06    0.13392591E-04    0.29900506E-05
-0.11561618E-03   -0.11429006E-06   -0.29900496E-05   -0.22322016E-05    0.66981464E-05
 0.15848484E-04   -0.30896537E-04    0.11523721E-06   -0.36809796E-06    0.26554928E-06
 0.78232543E-03   -0.91959090E-13    0.56183355E-13    0.11989365E-12   -0.18328143E-12
 0.34378547E-06    0.19682906E-06    0.32955648E-06   -0.62277829E-12   -0.55010704E-12
 0.10974355E-12    0.94512553E-14   -0.46082566E-04    0.10009291E-03    0.14985263E-05
 0.69133120E-07   -0.45509805E-06   -0.47058437E-11    0.25846335E-04    0.39827703E-04
 0.23340836E-04    0.49480719E-06   -0.10242546E-06    0.18224375E-03    0.83169217E-03
 0.60723780E-03   -0.44012878E-04    0.48556859E-03    0.23834788E-05    0.19158993E-04
 0.34541412E-05   -0.11215657E-03   -0.19117217E-06   -0.34541401E-05   -0.23305865E-05
 0.72783242E-05    0.17782080E-04   -0.34490087E-04    0.17162951E-06   -0.37682401E-06
 0.22822789E-06    0.39406724E-03    0.50703073E-03   -0.74279479E-13    0.39679915E-13
 0.92368853E-13   -0.14653507E-12    0.20351188E-06    0.47997859E-07    0.15002570E-06
-0.47927874E-12   -0.97963280E-12    0.18190036E-12    0.32800839E-13   -0.67364431E-04
 0.75822172E-04    0.12902185E-05    0.61421979E-07   -0.27755634E-06   -0.27393476E-11
 0.25963862E-04    0.41743151E-04    0.22841965E-04    0.52142275E-06    0.89649798E-07
-0.15593108E-03    0.71236782E-03    0.47428985E-03   -0.33200724E-04    0.33357072E-03
 0.83393939E-05    0.27407057E-04    0.37479806E-05   -0.83283418E-04   -0.31357703E-06
-0.37479795E-05   -0.20836271E-05    0.70729167E-05    0.18350293E-04   -0.35267008E-04
 0.25533563E-06   -0.32200532E-06    0.10669368E-06    0.20308334E-03    0.41341682E-03
 0.84594534E-03    0.30983862E-12   -0.23326427E-12   -0.44699393E-12    0.63994959E-12
-0.40201163E-06    0.73507219E-06    0.57535774E-07    0.78565609E-12    0.11312566E-11
-0.17681252E-12    0.16937108E-11    0.41954212E-03   -0.21796263E-03   -0.54912912E-05
 0.48178581E-06    0.28503232E-06    0.19301077E-10   -0.47863327E-04   -0.48274751E-04
-0.59852713E-04   -0.37976335E-05   -0.13573057E-05    0.92628870E-05   -0.17153423E-02
 0.35982865E-03    0.29224913E-03    0.21482652E-03   -0.68943508E-05   -0.17644340E-03
-0.15611995E-05    0.50449664E-04    0.16500099E-05    0.15611978E-05    0.87934907E-05
-0.17624671E-04   -0.27453134E-04    0.58395969E-04   -0.18821454E-05    0.23225672E-05
-0.11642547E-06   -0.64374794E-04   -0.94308702E-04   -0.13812107E-03    0.11869688E-02
-0.14891036E-12    0.12835247E-12    0.23008810E-12   -0.31503319E-12    0.17247120E-07
-0.69549441E-06   -0.29891788E-06   -0.16016056E-12   -0.23059964E-12    0.16481430E-12
-0.14825510E-11   -0.26100308E-03    0.74082041E-04    0.27244693E-05   -0.44412761E-06
 0.17326871E-06   -0.10938044E-10    0.85120772E-05   -0.76398355E-05    0.20915703E-04
 0.23771956E-05    0.10468761E-05    0.67355087E-05    0.49003449E-03   -0.84354585E-03
-0.12727831E-03   -0.22018843E-03   -0.88102882E-06    0.11043524E-03   -0.27706452E-05
 0.15961216E-04   -0.99222200E-06    0.27706454E-05   -0.43866283E-05    0.57483514E-05
 0.13258983E-05   -0.67501128E-05    0.12166381E-05   -0.14150588E-05   -0.87808371E-07
-0.11154306E-04   -0.17236853E-04   -0.26512261E-04   -0.40117498E-03    0.82647059E-03
 0.52442304E-13   -0.93640525E-13   -0.10723860E-12    0.10448251E-12    0.11806913E-05
-0.92025301E-05   -0.96693411E-05   -0.10398671E-11   -0.14974387E-11   -0.19177382E-11
-0.18636392E-11   -0.37036728E-03    0.22925912E-04    0.31222961E-05   -0.19094609E-05
-0.22486744E-05    0.80214221E-09    0.40213578E-04    0.71740415E-04    0.52583334E-04
 0.34643741E-04    0.35669602E-04   -0.10545523E-03    0.95945271E-04   -0.25051305E-03
-0.75285704E-04   -0.14287030E-02    0.25922830E-03    0.12363484E-03    0.51813500E-05
 0.28518711E-04   -0.21855166E-04   -0.51813483E-05   -0.38046766E-05    0.11489510E-04
 0.34368326E-04   -0.66992557E-04    0.22346900E-04   -0.15967736E-04   -0.17429730E-04
-0.27166458E-04   -0.20702231E-04   -0.32948779E-05   -0.18518291E-03    0.70193223E-04
 0.71124926E-02
